N	x	y	u	u*	|u - u*|
10	2	0	4.000000e+00	4.000000e+00	0.000000e+00
11	2.200000e+00	0.000000e+00	4.840000e+00	4.840000e+00	0.000000e+00
12	2.400000e+00	0.000000e+00	5.760000e+00	5.760000e+00	0.000000e+00
13	2.600000e+00	0.000000e+00	6.760000e+00	6.760000e+00	0.000000e+00
14	2.800000e+00	0.000000e+00	7.840000e+00	7.840000e+00	0.000000e+00
15	3.000000e+00	0.000000e+00	9.000000e+00	9.000000e+00	0.000000e+00
16	3.200000e+00	0.000000e+00	1.024000e+01	1.024000e+01	0.000000e+00
17	3.400000e+00	0.000000e+00	1.156000e+01	1.156000e+01	0.000000e+00
18	3.600000e+00	0.000000e+00	1.296000e+01	1.296000e+01	0.000000e+00
19	3.800000e+00	0.000000e+00	1.444000e+01	1.444000e+01	0.000000e+00
20	4.000000e+00	0.000000e+00	1.600000e+01	1.600000e+01	0.000000e+00
41	2.000000e+00	2.000000e-01	4.040000e+00	4.040000e+00	0.000000e+00
42	2.200000e+00	2.000000e-01	4.880000e+00	4.880000e+00	0.000000e+00
43	2.400000e+00	2.000000e-01	5.800000e+00	5.800000e+00	0.000000e+00
44	2.600000e+00	2.000000e-01	6.800000e+00	6.800000e+00	0.000000e+00
45	2.800000e+00	2.000000e-01	7.880000e+00	7.880000e+00	0.000000e+00
46	3.000000e+00	2.000000e-01	9.040000e+00	9.040000e+00	0.000000e+00
47	3.200000e+00	2.000000e-01	1.028000e+01	1.028000e+01	0.000000e+00
48	3.400000e+00	2.000000e-01	1.160000e+01	1.160000e+01	0.000000e+00
49	3.600000e+00	2.000000e-01	1.300000e+01	1.300000e+01	0.000000e+00
50	3.800000e+00	2.000000e-01	1.448000e+01	1.448000e+01	0.000000e+00
51	4.000000e+00	2.000000e-01	1.604000e+01	1.604000e+01	0.000000e+00
72	2.000000e+00	4.000000e-01	4.160000e+00	4.160000e+00	0.000000e+00
73	2.200000e+00	4.000000e-01	5.000000e+00	5.000000e+00	0.000000e+00
74	2.400000e+00	4.000000e-01	5.920000e+00	5.920000e+00	0.000000e+00
75	2.600000e+00	4.000000e-01	6.920000e+00	6.920000e+00	0.000000e+00
76	2.800000e+00	4.000000e-01	8.000000e+00	8.000000e+00	0.000000e+00
77	3.000000e+00	4.000000e-01	9.160000e+00	9.160000e+00	0.000000e+00
78	3.200000e+00	4.000000e-01	1.040000e+01	1.040000e+01	0.000000e+00
79	3.400000e+00	4.000000e-01	1.172000e+01	1.172000e+01	0.000000e+00
80	3.600000e+00	4.000000e-01	1.312000e+01	1.312000e+01	0.000000e+00
81	3.800000e+00	4.000000e-01	1.460000e+01	1.460000e+01	0.000000e+00
82	4.000000e+00	4.000000e-01	1.616000e+01	1.616000e+01	0.000000e+00
103	2.000000e+00	6.000000e-01	4.360000e+00	4.360000e+00	0.000000e+00
104	2.200000e+00	6.000000e-01	5.200000e+00	5.200000e+00	0.000000e+00
105	2.400000e+00	6.000000e-01	6.120000e+00	6.120000e+00	0.000000e+00
106	2.600000e+00	6.000000e-01	7.120000e+00	7.120000e+00	0.000000e+00
107	2.800000e+00	6.000000e-01	8.200000e+00	8.200000e+00	0.000000e+00
108	3.000000e+00	6.000000e-01	9.360000e+00	9.360000e+00	3.552714e-15
109	3.200000e+00	6.000000e-01	1.060000e+01	1.060000e+01	0.000000e+00
110	3.400000e+00	6.000000e-01	1.192000e+01	1.192000e+01	0.000000e+00
111	3.600000e+00	6.000000e-01	1.332000e+01	1.332000e+01	0.000000e+00
112	3.800000e+00	6.000000e-01	1.480000e+01	1.480000e+01	0.000000e+00
113	4.000000e+00	6.000000e-01	1.636000e+01	1.636000e+01	0.000000e+00
134	2.000000e+00	8.000000e-01	4.640000e+00	4.640000e+00	0.000000e+00
135	2.200000e+00	8.000000e-01	5.480000e+00	5.480000e+00	0.000000e+00
136	2.400000e+00	8.000000e-01	6.400000e+00	6.400000e+00	0.000000e+00
137	2.600000e+00	8.000000e-01	7.400000e+00	7.400000e+00	0.000000e+00
138	2.800000e+00	8.000000e-01	8.480000e+00	8.480000e+00	0.000000e+00
139	3.000000e+00	8.000000e-01	9.640000e+00	9.640000e+00	0.000000e+00
140	3.200000e+00	8.000000e-01	1.088000e+01	1.088000e+01	0.000000e+00
141	3.400000e+00	8.000000e-01	1.220000e+01	1.220000e+01	0.000000e+00
142	3.600000e+00	8.000000e-01	1.360000e+01	1.360000e+01	0.000000e+00
143	3.800000e+00	8.000000e-01	1.508000e+01	1.508000e+01	0.000000e+00
144	4.000000e+00	8.000000e-01	1.664000e+01	1.664000e+01	0.000000e+00
165	2.000000e+00	1.000000e+00	5.000000e+00	5.000000e+00	0.000000e+00
166	2.200000e+00	1.000000e+00	5.840000e+00	5.840000e+00	0.000000e+00
167	2.400000e+00	1.000000e+00	6.760000e+00	6.760000e+00	0.000000e+00
168	2.600000e+00	1.000000e+00	7.760000e+00	7.760000e+00	0.000000e+00
169	2.800000e+00	1.000000e+00	8.840000e+00	8.840000e+00	0.000000e+00
170	3.000000e+00	1.000000e+00	1.000000e+01	1.000000e+01	0.000000e+00
171	3.200000e+00	1.000000e+00	1.124000e+01	1.124000e+01	0.000000e+00
172	3.400000e+00	1.000000e+00	1.256000e+01	1.256000e+01	0.000000e+00
173	3.600000e+00	1.000000e+00	1.396000e+01	1.396000e+01	0.000000e+00
174	3.800000e+00	1.000000e+00	1.544000e+01	1.544000e+01	0.000000e+00
175	4.000000e+00	1.000000e+00	1.700000e+01	1.700000e+01	0.000000e+00
196	2.000000e+00	1.200000e+00	5.440000e+00	5.440000e+00	0.000000e+00
197	2.200000e+00	1.200000e+00	6.280000e+00	6.280000e+00	0.000000e+00
198	2.400000e+00	1.200000e+00	7.200000e+00	7.200000e+00	0.000000e+00
199	2.600000e+00	1.200000e+00	8.200000e+00	8.200000e+00	0.000000e+00
200	2.800000e+00	1.200000e+00	9.280000e+00	9.280000e+00	0.000000e+00
201	3.000000e+00	1.200000e+00	1.044000e+01	1.044000e+01	0.000000e+00
202	3.200000e+00	1.200000e+00	1.168000e+01	1.168000e+01	0.000000e+00
203	3.400000e+00	1.200000e+00	1.300000e+01	1.300000e+01	0.000000e+00
204	3.600000e+00	1.200000e+00	1.440000e+01	1.440000e+01	0.000000e+00
205	3.800000e+00	1.200000e+00	1.588000e+01	1.588000e+01	0.000000e+00
206	4.000000e+00	1.200000e+00	1.744000e+01	1.744000e+01	0.000000e+00
227	2.000000e+00	1.400000e+00	5.960000e+00	5.960000e+00	0.000000e+00
228	2.200000e+00	1.400000e+00	6.800000e+00	6.800000e+00	0.000000e+00
229	2.400000e+00	1.400000e+00	7.720000e+00	7.720000e+00	0.000000e+00
230	2.600000e+00	1.400000e+00	8.720000e+00	8.720000e+00	0.000000e+00
231	2.800000e+00	1.400000e+00	9.800000e+00	9.800000e+00	0.000000e+00
232	3.000000e+00	1.400000e+00	1.096000e+01	1.096000e+01	0.000000e+00
233	3.200000e+00	1.400000e+00	1.220000e+01	1.220000e+01	0.000000e+00
234	3.400000e+00	1.400000e+00	1.352000e+01	1.352000e+01	0.000000e+00
235	3.600000e+00	1.400000e+00	1.492000e+01	1.492000e+01	0.000000e+00
236	3.800000e+00	1.400000e+00	1.640000e+01	1.640000e+01	0.000000e+00
237	4.000000e+00	1.400000e+00	1.796000e+01	1.796000e+01	0.000000e+00
258	2.000000e+00	1.600000e+00	6.560000e+00	6.560000e+00	0.000000e+00
259	2.200000e+00	1.600000e+00	7.400000e+00	7.400000e+00	0.000000e+00
260	2.400000e+00	1.600000e+00	8.320000e+00	8.320000e+00	0.000000e+00
261	2.600000e+00	1.600000e+00	9.320000e+00	9.320000e+00	0.000000e+00
262	2.800000e+00	1.600000e+00	1.040000e+01	1.040000e+01	0.000000e+00
263	3.000000e+00	1.600000e+00	1.156000e+01	1.156000e+01	1.776357e-15
264	3.200000e+00	1.600000e+00	1.280000e+01	1.280000e+01	0.000000e+00
265	3.400000e+00	1.600000e+00	1.412000e+01	1.412000e+01	0.000000e+00
266	3.600000e+00	1.600000e+00	1.552000e+01	1.552000e+01	0.000000e+00
267	3.800000e+00	1.600000e+00	1.700000e+01	1.700000e+01	0.000000e+00
268	4.000000e+00	1.600000e+00	1.856000e+01	1.856000e+01	0.000000e+00
289	2.000000e+00	1.800000e+00	7.240000e+00	7.240000e+00	0.000000e+00
290	2.200000e+00	1.800000e+00	8.080000e+00	8.080000e+00	0.000000e+00
291	2.400000e+00	1.800000e+00	9.000000e+00	9.000000e+00	0.000000e+00
292	2.600000e+00	1.800000e+00	1.000000e+01	1.000000e+01	0.000000e+00
293	2.800000e+00	1.800000e+00	1.108000e+01	1.108000e+01	0.000000e+00
294	3.000000e+00	1.800000e+00	1.224000e+01	1.224000e+01	7.105427e-15
295	3.200000e+00	1.800000e+00	1.348000e+01	1.348000e+01	0.000000e+00
296	3.400000e+00	1.800000e+00	1.480000e+01	1.480000e+01	0.000000e+00
297	3.600000e+00	1.800000e+00	1.620000e+01	1.620000e+01	0.000000e+00
298	3.800000e+00	1.800000e+00	1.768000e+01	1.768000e+01	0.000000e+00
299	4.000000e+00	1.800000e+00	1.924000e+01	1.924000e+01	0.000000e+00
320	2.000000e+00	2.000000e+00	8.000000e+00	8.000000e+00	0.000000e+00
321	2.200000e+00	2.000000e+00	8.840000e+00	8.840000e+00	0.000000e+00
322	2.400000e+00	2.000000e+00	9.760000e+00	9.760000e+00	0.000000e+00
323	2.600000e+00	2.000000e+00	1.076000e+01	1.076000e+01	0.000000e+00
324	2.800000e+00	2.000000e+00	1.184000e+01	1.184000e+01	0.000000e+00
325	3.000000e+00	2.000000e+00	1.300000e+01	1.300000e+01	2.131628e-14
326	3.200000e+00	2.000000e+00	1.424000e+01	1.424000e+01	0.000000e+00
327	3.400000e+00	2.000000e+00	1.556000e+01	1.556000e+01	0.000000e+00
328	3.600000e+00	2.000000e+00	1.696000e+01	1.696000e+01	0.000000e+00
329	3.800000e+00	2.000000e+00	1.844000e+01	1.844000e+01	0.000000e+00
330	4.000000e+00	2.000000e+00	2.000000e+01	2.000000e+01	0.000000e+00
351	2.000000e+00	2.200000e+00	8.840000e+00	8.840000e+00	0.000000e+00
352	2.200000e+00	2.200000e+00	9.680000e+00	9.680000e+00	0.000000e+00
353	2.400000e+00	2.200000e+00	1.060000e+01	1.060000e+01	0.000000e+00
354	2.600000e+00	2.200000e+00	1.160000e+01	1.160000e+01	0.000000e+00
355	2.800000e+00	2.200000e+00	1.268000e+01	1.268000e+01	0.000000e+00
356	3.000000e+00	2.200000e+00	1.384000e+01	1.384000e+01	6.039613e-14
357	3.200000e+00	2.200000e+00	1.508000e+01	1.508000e+01	0.000000e+00
358	3.400000e+00	2.200000e+00	1.640000e+01	1.640000e+01	0.000000e+00
359	3.600000e+00	2.200000e+00	1.780000e+01	1.780000e+01	0.000000e+00
360	3.800000e+00	2.200000e+00	1.928000e+01	1.928000e+01	0.000000e+00
361	4.000000e+00	2.200000e+00	2.084000e+01	2.084000e+01	0.000000e+00
382	2.000000e+00	2.400000e+00	9.760000e+00	9.760000e+00	0.000000e+00
383	2.200000e+00	2.400000e+00	1.060000e+01	1.060000e+01	0.000000e+00
384	2.400000e+00	2.400000e+00	1.152000e+01	1.152000e+01	0.000000e+00
385	2.600000e+00	2.400000e+00	1.252000e+01	1.252000e+01	0.000000e+00
386	2.800000e+00	2.400000e+00	1.360000e+01	1.360000e+01	0.000000e+00
387	3.000000e+00	2.400000e+00	1.476000e+01	1.476000e+01	1.740830e-13
388	3.200000e+00	2.400000e+00	1.600000e+01	1.600000e+01	0.000000e+00
389	3.400000e+00	2.400000e+00	1.732000e+01	1.732000e+01	0.000000e+00
390	3.600000e+00	2.400000e+00	1.872000e+01	1.872000e+01	0.000000e+00
391	3.800000e+00	2.400000e+00	2.020000e+01	2.020000e+01	0.000000e+00
392	4.000000e+00	2.400000e+00	2.176000e+01	2.176000e+01	0.000000e+00
413	2.000000e+00	2.600000e+00	1.076000e+01	1.076000e+01	0.000000e+00
414	2.200000e+00	2.600000e+00	1.160000e+01	1.160000e+01	0.000000e+00
415	2.400000e+00	2.600000e+00	1.252000e+01	1.252000e+01	0.000000e+00
416	2.600000e+00	2.600000e+00	1.352000e+01	1.352000e+01	0.000000e+00
417	2.800000e+00	2.600000e+00	1.460000e+01	1.460000e+01	0.000000e+00
418	3.000000e+00	2.600000e+00	1.576000e+01	1.576000e+01	5.009326e-13
419	3.200000e+00	2.600000e+00	1.700000e+01	1.700000e+01	0.000000e+00
420	3.400000e+00	2.600000e+00	1.832000e+01	1.832000e+01	0.000000e+00
421	3.600000e+00	2.600000e+00	1.972000e+01	1.972000e+01	0.000000e+00
422	3.800000e+00	2.600000e+00	2.120000e+01	2.120000e+01	0.000000e+00
423	4.000000e+00	2.600000e+00	2.276000e+01	2.276000e+01	0.000000e+00
444	2.000000e+00	2.800000e+00	1.184000e+01	1.184000e+01	0.000000e+00
445	2.200000e+00	2.800000e+00	1.268000e+01	1.268000e+01	0.000000e+00
446	2.400000e+00	2.800000e+00	1.360000e+01	1.360000e+01	0.000000e+00
447	2.600000e+00	2.800000e+00	1.460000e+01	1.460000e+01	0.000000e+00
448	2.800000e+00	2.800000e+00	1.568000e+01	1.568000e+01	0.000000e+00
449	3.000000e+00	2.800000e+00	1.684000e+01	1.684000e+01	1.431744e-12
450	3.200000e+00	2.800000e+00	1.808000e+01	1.808000e+01	0.000000e+00
451	3.400000e+00	2.800000e+00	1.940000e+01	1.940000e+01	0.000000e+00
452	3.600000e+00	2.800000e+00	2.080000e+01	2.080000e+01	0.000000e+00
453	3.800000e+00	2.800000e+00	2.228000e+01	2.228000e+01	0.000000e+00
454	4.000000e+00	2.800000e+00	2.384000e+01	2.384000e+01	0.000000e+00
465	0.000000e+00	3.000000e+00	9.000000e+00	9.000000e+00	0.000000e+00
466	2.000000e-01	3.000000e+00	9.040000e+00	9.040000e+00	0.000000e+00
467	4.000000e-01	3.000000e+00	9.160000e+00	9.160000e+00	0.000000e+00
468	6.000000e-01	3.000000e+00	9.360000e+00	9.360000e+00	0.000000e+00
469	8.000000e-01	3.000000e+00	9.640000e+00	9.640000e+00	0.000000e+00
470	1.000000e+00	3.000000e+00	1.000000e+01	1.000000e+01	0.000000e+00
471	1.200000e+00	3.000000e+00	1.044000e+01	1.044000e+01	0.000000e+00
472	1.400000e+00	3.000000e+00	1.096000e+01	1.096000e+01	0.000000e+00
473	1.600000e+00	3.000000e+00	1.156000e+01	1.156000e+01	0.000000e+00
474	1.800000e+00	3.000000e+00	1.224000e+01	1.224000e+01	0.000000e+00
475	2.000000e+00	3.000000e+00	1.300000e+01	1.300000e+01	0.000000e+00
476	2.200000e+00	3.000000e+00	1.384000e+01	1.384000e+01	0.000000e+00
477	2.400000e+00	3.000000e+00	1.476000e+01	1.476000e+01	0.000000e+00
478	2.600000e+00	3.000000e+00	1.576000e+01	1.576000e+01	0.000000e+00
479	2.800000e+00	3.000000e+00	1.684000e+01	1.684000e+01	0.000000e+00
480	3.000000e+00	3.000000e+00	1.800000e+01	1.800000e+01	4.089173e-12
481	3.200000e+00	3.000000e+00	1.924000e+01	1.924000e+01	0.000000e+00
482	3.400000e+00	3.000000e+00	2.056000e+01	2.056000e+01	0.000000e+00
483	3.600000e+00	3.000000e+00	2.196000e+01	2.196000e+01	0.000000e+00
484	3.800000e+00	3.000000e+00	2.344000e+01	2.344000e+01	0.000000e+00
485	4.000000e+00	3.000000e+00	2.500000e+01	2.500000e+01	0.000000e+00
486	4.200000e+00	3.000000e+00	2.664000e+01	2.664000e+01	0.000000e+00
487	4.400000e+00	3.000000e+00	2.836000e+01	2.836000e+01	0.000000e+00
488	4.600000e+00	3.000000e+00	3.016000e+01	3.016000e+01	0.000000e+00
489	4.800000e+00	3.000000e+00	3.204000e+01	3.204000e+01	0.000000e+00
490	5.000000e+00	3.000000e+00	3.400000e+01	3.400000e+01	0.000000e+00
491	5.200000e+00	3.000000e+00	3.604000e+01	3.604000e+01	0.000000e+00
492	5.400000e+00	3.000000e+00	3.816000e+01	3.816000e+01	0.000000e+00
493	5.600000e+00	3.000000e+00	4.036000e+01	4.036000e+01	0.000000e+00
494	5.800000e+00	3.000000e+00	4.264000e+01	4.264000e+01	0.000000e+00
495	6.000000e+00	3.000000e+00	4.500000e+01	4.500000e+01	0.000000e+00
496	0.000000e+00	3.200000e+00	1.024000e+01	1.024000e+01	0.000000e+00
497	2.000000e-01	3.200000e+00	1.028000e+01	1.028000e+01	0.000000e+00
498	4.000000e-01	3.200000e+00	1.040000e+01	1.040000e+01	0.000000e+00
499	6.000000e-01	3.200000e+00	1.060000e+01	1.060000e+01	0.000000e+00
500	8.000000e-01	3.200000e+00	1.088000e+01	1.088000e+01	0.000000e+00
501	1.000000e+00	3.200000e+00	1.124000e+01	1.124000e+01	0.000000e+00
502	1.200000e+00	3.200000e+00	1.168000e+01	1.168000e+01	0.000000e+00
503	1.400000e+00	3.200000e+00	1.220000e+01	1.220000e+01	0.000000e+00
504	1.600000e+00	3.200000e+00	1.280000e+01	1.280000e+01	0.000000e+00
505	1.800000e+00	3.200000e+00	1.348000e+01	1.348000e+01	0.000000e+00
506	2.000000e+00	3.200000e+00	1.424000e+01	1.424000e+01	2.728484e-12
507	2.200000e+00	3.200000e+00	1.508000e+01	1.508000e+01	5.242029e-12
508	2.400000e+00	3.200000e+00	1.600000e+01	1.600000e+01	7.403855e-12
509	2.600000e+00	3.200000e+00	1.700000e+01	1.700000e+01	9.130474e-12
510	2.800000e+00	3.200000e+00	1.808000e+01	1.808000e+01	1.045208e-11
511	3.000000e+00	3.200000e+00	1.924000e+01	1.924000e+01	1.172396e-11
512	3.200000e+00	3.200000e+00	2.048000e+01	2.048000e+01	1.044853e-11
513	3.400000e+00	3.200000e+00	2.180000e+01	2.180000e+01	9.130474e-12
514	3.600000e+00	3.200000e+00	2.320000e+01	2.320000e+01	7.403855e-12
515	3.800000e+00	3.200000e+00	2.468000e+01	2.468000e+01	5.247358e-12
516	4.000000e+00	3.200000e+00	2.624000e+01	2.624000e+01	2.728484e-12
517	4.200000e+00	3.200000e+00	2.788000e+01	2.788000e+01	0.000000e+00
518	4.400000e+00	3.200000e+00	2.960000e+01	2.960000e+01	0.000000e+00
519	4.600000e+00	3.200000e+00	3.140000e+01	3.140000e+01	0.000000e+00
520	4.800000e+00	3.200000e+00	3.328000e+01	3.328000e+01	0.000000e+00
521	5.000000e+00	3.200000e+00	3.524000e+01	3.524000e+01	0.000000e+00
522	5.200000e+00	3.200000e+00	3.728000e+01	3.728000e+01	0.000000e+00
523	5.400000e+00	3.200000e+00	3.940000e+01	3.940000e+01	0.000000e+00
524	5.600000e+00	3.200000e+00	4.160000e+01	4.160000e+01	0.000000e+00
525	5.800000e+00	3.200000e+00	4.388000e+01	4.388000e+01	0.000000e+00
526	6.000000e+00	3.200000e+00	4.624000e+01	4.624000e+01	0.000000e+00
527	0.000000e+00	3.400000e+00	1.156000e+01	1.156000e+01	0.000000e+00
528	2.000000e-01	3.400000e+00	1.160000e+01	1.160000e+01	0.000000e+00
529	4.000000e-01	3.400000e+00	1.172000e+01	1.172000e+01	0.000000e+00
530	6.000000e-01	3.400000e+00	1.192000e+01	1.192000e+01	0.000000e+00
531	8.000000e-01	3.400000e+00	1.220000e+01	1.220000e+01	0.000000e+00
532	1.000000e+00	3.400000e+00	1.256000e+01	1.256000e+01	0.000000e+00
533	1.200000e+00	3.400000e+00	1.300000e+01	1.300000e+01	0.000000e+00
534	1.400000e+00	3.400000e+00	1.352000e+01	1.352000e+01	0.000000e+00
535	1.600000e+00	3.400000e+00	1.412000e+01	1.412000e+01	0.000000e+00
536	1.800000e+00	3.400000e+00	1.480000e+01	1.480000e+01	0.000000e+00
537	2.000000e+00	3.400000e+00	1.556000e+01	1.556000e+01	4.483525e-12
538	2.200000e+00	3.400000e+00	1.640000e+01	1.640000e+01	8.579804e-12
539	2.400000e+00	3.400000e+00	1.732000e+01	1.732000e+01	1.206857e-11
540	2.600000e+00	3.400000e+00	1.832000e+01	1.832000e+01	1.477218e-11
541	2.800000e+00	3.400000e+00	1.940000e+01	1.940000e+01	1.658762e-11
542	3.000000e+00	3.400000e+00	2.056000e+01	2.056000e+01	1.737632e-11
543	3.200000e+00	3.400000e+00	2.180000e+01	2.180000e+01	1.658407e-11
544	3.400000e+00	3.400000e+00	2.312000e+01	2.312000e+01	1.476863e-11
545	3.600000e+00	3.400000e+00	2.452000e+01	2.452000e+01	1.206502e-11
546	3.800000e+00	3.400000e+00	2.600000e+01	2.600000e+01	8.590462e-12
547	4.000000e+00	3.400000e+00	2.756000e+01	2.756000e+01	4.487077e-12
548	4.200000e+00	3.400000e+00	2.920000e+01	2.920000e+01	0.000000e+00
549	4.400000e+00	3.400000e+00	3.092000e+01	3.092000e+01	0.000000e+00
550	4.600000e+00	3.400000e+00	3.272000e+01	3.272000e+01	0.000000e+00
551	4.800000e+00	3.400000e+00	3.460000e+01	3.460000e+01	0.000000e+00
552	5.000000e+00	3.400000e+00	3.656000e+01	3.656000e+01	0.000000e+00
553	5.200000e+00	3.400000e+00	3.860000e+01	3.860000e+01	0.000000e+00
554	5.400000e+00	3.400000e+00	4.072000e+01	4.072000e+01	0.000000e+00
555	5.600000e+00	3.400000e+00	4.292000e+01	4.292000e+01	0.000000e+00
556	5.800000e+00	3.400000e+00	4.520000e+01	4.520000e+01	0.000000e+00
557	6.000000e+00	3.400000e+00	4.756000e+01	4.756000e+01	0.000000e+00
558	0.000000e+00	3.600000e+00	1.296000e+01	1.296000e+01	0.000000e+00
559	2.000000e-01	3.600000e+00	1.300000e+01	1.300000e+01	0.000000e+00
560	4.000000e-01	3.600000e+00	1.312000e+01	1.312000e+01	0.000000e+00
561	6.000000e-01	3.600000e+00	1.332000e+01	1.332000e+01	0.000000e+00
562	8.000000e-01	3.600000e+00	1.360000e+01	1.360000e+01	0.000000e+00
563	1.000000e+00	3.600000e+00	1.396000e+01	1.396000e+01	0.000000e+00
564	1.200000e+00	3.600000e+00	1.440000e+01	1.440000e+01	0.000000e+00
565	1.400000e+00	3.600000e+00	1.492000e+01	1.492000e+01	0.000000e+00
566	1.600000e+00	3.600000e+00	1.552000e+01	1.552000e+01	0.000000e+00
567	1.800000e+00	3.600000e+00	1.620000e+01	1.620000e+01	0.000000e+00
568	2.000000e+00	3.600000e+00	1.696000e+01	1.696000e+01	5.282885e-12
569	2.200000e+00	3.600000e+00	1.780000e+01	1.780000e+01	1.000089e-11
570	2.400000e+00	3.600000e+00	1.872000e+01	1.872000e+01	1.396927e-11
571	2.600000e+00	3.600000e+00	1.972000e+01	1.972000e+01	1.700684e-11
572	2.800000e+00	3.600000e+00	2.080000e+01	2.080000e+01	1.895373e-11
573	3.000000e+00	3.600000e+00	2.196000e+01	2.196000e+01	1.965361e-11
574	3.200000e+00	3.600000e+00	2.320000e+01	2.320000e+01	1.895017e-11
575	3.400000e+00	3.600000e+00	2.452000e+01	2.452000e+01	1.700329e-11
576	3.600000e+00	3.600000e+00	2.592000e+01	2.592000e+01	1.396572e-11
577	3.800000e+00	3.600000e+00	2.740000e+01	2.740000e+01	1.000444e-11
578	4.000000e+00	3.600000e+00	2.896000e+01	2.896000e+01	5.282885e-12
579	4.200000e+00	3.600000e+00	3.060000e+01	3.060000e+01	0.000000e+00
580	4.400000e+00	3.600000e+00	3.232000e+01	3.232000e+01	0.000000e+00
581	4.600000e+00	3.600000e+00	3.412000e+01	3.412000e+01	0.000000e+00
582	4.800000e+00	3.600000e+00	3.600000e+01	3.600000e+01	0.000000e+00
583	5.000000e+00	3.600000e+00	3.796000e+01	3.796000e+01	0.000000e+00
584	5.200000e+00	3.600000e+00	4.000000e+01	4.000000e+01	0.000000e+00
585	5.400000e+00	3.600000e+00	4.212000e+01	4.212000e+01	0.000000e+00
586	5.600000e+00	3.600000e+00	4.432000e+01	4.432000e+01	0.000000e+00
587	5.800000e+00	3.600000e+00	4.660000e+01	4.660000e+01	0.000000e+00
588	6.000000e+00	3.600000e+00	4.896000e+01	4.896000e+01	0.000000e+00
589	0.000000e+00	3.800000e+00	1.444000e+01	1.444000e+01	0.000000e+00
590	2.000000e-01	3.800000e+00	1.448000e+01	1.448000e+01	0.000000e+00
591	4.000000e-01	3.800000e+00	1.460000e+01	1.460000e+01	0.000000e+00
592	6.000000e-01	3.800000e+00	1.480000e+01	1.480000e+01	0.000000e+00
593	8.000000e-01	3.800000e+00	1.508000e+01	1.508000e+01	0.000000e+00
594	1.000000e+00	3.800000e+00	1.544000e+01	1.544000e+01	0.000000e+00
595	1.200000e+00	3.800000e+00	1.588000e+01	1.588000e+01	0.000000e+00
596	1.400000e+00	3.800000e+00	1.640000e+01	1.640000e+01	0.000000e+00
597	1.600000e+00	3.800000e+00	1.700000e+01	1.700000e+01	0.000000e+00
598	1.800000e+00	3.800000e+00	1.768000e+01	1.768000e+01	0.000000e+00
599	2.000000e+00	3.800000e+00	1.844000e+01	1.844000e+01	5.321965e-12
600	2.200000e+00	3.800000e+00	1.928000e+01	1.928000e+01	9.762857e-12
601	2.400000e+00	3.800000e+00	2.020000e+01	2.020000e+01	1.347544e-11
602	2.600000e+00	3.800000e+00	2.120000e+01	2.120000e+01	1.631406e-11
603	2.800000e+00	3.800000e+00	2.228000e+01	2.228000e+01	1.810818e-11
604	3.000000e+00	3.800000e+00	2.344000e+01	2.344000e+01	1.872991e-11
605	3.200000e+00	3.800000e+00	2.468000e+01	2.468000e+01	1.811173e-11
606	3.400000e+00	3.800000e+00	2.600000e+01	2.600000e+01	1.630696e-11
607	3.600000e+00	3.800000e+00	2.740000e+01	2.740000e+01	1.346478e-11
608	3.800000e+00	3.800000e+00	2.888000e+01	2.888000e+01	9.762857e-12
609	4.000000e+00	3.800000e+00	3.044000e+01	3.044000e+01	5.314860e-12
610	4.200000e+00	3.800000e+00	3.208000e+01	3.208000e+01	0.000000e+00
611	4.400000e+00	3.800000e+00	3.380000e+01	3.380000e+01	0.000000e+00
612	4.600000e+00	3.800000e+00	3.560000e+01	3.560000e+01	0.000000e+00
613	4.800000e+00	3.800000e+00	3.748000e+01	3.748000e+01	0.000000e+00
614	5.000000e+00	3.800000e+00	3.944000e+01	3.944000e+01	0.000000e+00
615	5.200000e+00	3.800000e+00	4.148000e+01	4.148000e+01	0.000000e+00
616	5.400000e+00	3.800000e+00	4.360000e+01	4.360000e+01	0.000000e+00
617	5.600000e+00	3.800000e+00	4.580000e+01	4.580000e+01	0.000000e+00
618	5.800000e+00	3.800000e+00	4.808000e+01	4.808000e+01	0.000000e+00
619	6.000000e+00	3.800000e+00	5.044000e+01	5.044000e+01	0.000000e+00
620	0.000000e+00	4.000000e+00	1.600000e+01	1.600000e+01	0.000000e+00
621	2.000000e-01	4.000000e+00	1.604000e+01	1.604000e+01	0.000000e+00
622	4.000000e-01	4.000000e+00	1.616000e+01	1.616000e+01	0.000000e+00
623	6.000000e-01	4.000000e+00	1.636000e+01	1.636000e+01	0.000000e+00
624	8.000000e-01	4.000000e+00	1.664000e+01	1.664000e+01	0.000000e+00
625	1.000000e+00	4.000000e+00	1.700000e+01	1.700000e+01	5.329071e-14
626	1.200000e+00	4.000000e+00	1.744000e+01	1.744000e+01	1.421085e-13
627	1.400000e+00	4.000000e+00	1.796000e+01	1.796000e+01	3.446132e-13
628	1.600000e+00	4.000000e+00	1.856000e+01	1.856000e+01	8.242296e-13
629	1.800000e+00	4.000000e+00	1.924000e+01	1.924000e+01	1.996625e-12
630	2.000000e+00	4.000000e+00	2.000000e+01	2.000000e+01	5.009326e-12
631	2.200000e+00	4.000000e+00	2.084000e+01	2.084000e+01	8.256507e-12
632	2.400000e+00	4.000000e+00	2.176000e+01	2.176000e+01	1.116973e-11
633	2.600000e+00	4.000000e+00	2.276000e+01	2.276000e+01	1.344702e-11
634	2.800000e+00	4.000000e+00	2.384000e+01	2.384000e+01	1.488232e-11
635	3.000000e+00	4.000000e+00	2.500000e+01	2.500000e+01	1.538325e-11
636	3.200000e+00	4.000000e+00	2.624000e+01	2.624000e+01	1.488587e-11
637	3.400000e+00	4.000000e+00	2.756000e+01	2.756000e+01	1.343636e-11
638	3.600000e+00	4.000000e+00	2.896000e+01	2.896000e+01	1.115907e-11
639	3.800000e+00	4.000000e+00	3.044000e+01	3.044000e+01	8.249401e-12
640	4.000000e+00	4.000000e+00	3.200000e+01	3.200000e+01	5.002221e-12
641	4.200000e+00	4.000000e+00	3.364000e+01	3.364000e+01	1.989520e-12
642	4.400000e+00	4.000000e+00	3.536000e+01	3.536000e+01	8.171241e-13
643	4.600000e+00	4.000000e+00	3.716000e+01	3.716000e+01	3.410605e-13
644	4.800000e+00	4.000000e+00	3.904000e+01	3.904000e+01	1.421085e-13
645	5.000000e+00	4.000000e+00	4.100000e+01	4.100000e+01	4.973799e-14
646	5.200000e+00	4.000000e+00	4.304000e+01	4.304000e+01	0.000000e+00
647	5.400000e+00	4.000000e+00	4.516000e+01	4.516000e+01	0.000000e+00
648	5.600000e+00	4.000000e+00	4.736000e+01	4.736000e+01	0.000000e+00
649	5.800000e+00	4.000000e+00	4.964000e+01	4.964000e+01	0.000000e+00
650	6.000000e+00	4.000000e+00	5.200000e+01	5.200000e+01	0.000000e+00
651	0.000000e+00	4.200000e+00	1.764000e+01	1.764000e+01	0.000000e+00
652	2.000000e-01	4.200000e+00	1.768000e+01	1.768000e+01	0.000000e+00
653	4.000000e-01	4.200000e+00	1.780000e+01	1.780000e+01	0.000000e+00
654	6.000000e-01	4.200000e+00	1.800000e+01	1.800000e+01	0.000000e+00
655	8.000000e-01	4.200000e+00	1.828000e+01	1.828000e+01	0.000000e+00
656	1.000000e+00	4.200000e+00	1.864000e+01	1.864000e+01	4.973799e-14
657	1.200000e+00	4.200000e+00	1.908000e+01	1.908000e+01	1.385558e-13
658	1.400000e+00	4.200000e+00	1.960000e+01	1.960000e+01	3.304024e-13
659	1.600000e+00	4.200000e+00	2.020000e+01	2.020000e+01	7.673862e-13
660	1.800000e+00	4.200000e+00	2.088000e+01	2.088000e+01	1.733724e-12
661	2.000000e+00	4.200000e+00	2.164000e+01	2.164000e+01	3.620215e-12
662	2.200000e+00	4.200000e+00	2.248000e+01	2.248000e+01	5.751843e-12
663	2.400000e+00	4.200000e+00	2.340000e+01	2.340000e+01	7.723600e-12
664	2.600000e+00	4.200000e+00	2.440000e+01	2.440000e+01	9.276135e-12
665	2.800000e+00	4.200000e+00	2.548000e+01	2.548000e+01	1.025668e-11
666	3.000000e+00	4.200000e+00	2.664000e+01	2.664000e+01	1.059774e-11
667	3.200000e+00	4.200000e+00	2.788000e+01	2.788000e+01	1.025668e-11
668	3.400000e+00	4.200000e+00	2.920000e+01	2.920000e+01	9.265477e-12
669	3.600000e+00	4.200000e+00	3.060000e+01	3.060000e+01	7.712941e-12
670	3.800000e+00	4.200000e+00	3.208000e+01	3.208000e+01	5.748291e-12
671	4.000000e+00	4.200000e+00	3.364000e+01	3.364000e+01	3.609557e-12
672	4.200000e+00	4.200000e+00	3.528000e+01	3.528000e+01	1.726619e-12
673	4.400000e+00	4.200000e+00	3.700000e+01	3.700000e+01	7.602807e-13
674	4.600000e+00	4.200000e+00	3.880000e+01	3.880000e+01	3.268497e-13
675	4.800000e+00	4.200000e+00	4.068000e+01	4.068000e+01	1.350031e-13
676	5.000000e+00	4.200000e+00	4.264000e+01	4.264000e+01	4.973799e-14
677	5.200000e+00	4.200000e+00	4.468000e+01	4.468000e+01	0.000000e+00
678	5.400000e+00	4.200000e+00	4.680000e+01	4.680000e+01	0.000000e+00
679	5.600000e+00	4.200000e+00	4.900000e+01	4.900000e+01	0.000000e+00
680	5.800000e+00	4.200000e+00	5.128000e+01	5.128000e+01	0.000000e+00
681	6.000000e+00	4.200000e+00	5.364000e+01	5.364000e+01	0.000000e+00
682	0.000000e+00	4.400000e+00	1.936000e+01	1.936000e+01	0.000000e+00
683	2.000000e-01	4.400000e+00	1.940000e+01	1.940000e+01	0.000000e+00
684	4.000000e-01	4.400000e+00	1.952000e+01	1.952000e+01	0.000000e+00
685	6.000000e-01	4.400000e+00	1.972000e+01	1.972000e+01	0.000000e+00
686	8.000000e-01	4.400000e+00	2.000000e+01	2.000000e+01	0.000000e+00
687	1.000000e+00	4.400000e+00	2.036000e+01	2.036000e+01	4.973799e-14
688	1.200000e+00	4.400000e+00	2.080000e+01	2.080000e+01	1.350031e-13
689	1.400000e+00	4.400000e+00	2.132000e+01	2.132000e+01	3.019807e-13
690	1.600000e+00	4.400000e+00	2.192000e+01	2.192000e+01	6.643575e-13
691	1.800000e+00	4.400000e+00	2.260000e+01	2.260000e+01	1.392664e-12
692	2.000000e+00	4.400000e+00	2.336000e+01	2.336000e+01	2.618350e-12
693	2.200000e+00	4.400000e+00	2.420000e+01	2.420000e+01	4.021672e-12
694	2.400000e+00	4.400000e+00	2.512000e+01	2.512000e+01	5.350387e-12
695	2.600000e+00	4.400000e+00	2.612000e+01	2.612000e+01	6.401990e-12
696	2.800000e+00	4.400000e+00	2.720000e+01	2.720000e+01	7.073453e-12
697	3.000000e+00	4.400000e+00	2.836000e+01	2.836000e+01	7.300827e-12
698	3.200000e+00	4.400000e+00	2.960000e+01	2.960000e+01	7.066348e-12
699	3.400000e+00	4.400000e+00	3.092000e+01	3.092000e+01	6.391332e-12
700	3.600000e+00	4.400000e+00	3.232000e+01	3.232000e+01	5.336176e-12
701	3.800000e+00	4.400000e+00	3.380000e+01	3.380000e+01	4.021672e-12
702	4.000000e+00	4.400000e+00	3.536000e+01	3.536000e+01	2.607692e-12
703	4.200000e+00	4.400000e+00	3.700000e+01	3.700000e+01	1.392664e-12
704	4.400000e+00	4.400000e+00	3.872000e+01	3.872000e+01	6.679102e-13
705	4.600000e+00	4.400000e+00	4.052000e+01	4.052000e+01	2.984279e-13
706	4.800000e+00	4.400000e+00	4.240000e+01	4.240000e+01	1.350031e-13
707	5.000000e+00	4.400000e+00	4.436000e+01	4.436000e+01	4.263256e-14
708	5.200000e+00	4.400000e+00	4.640000e+01	4.640000e+01	0.000000e+00
709	5.400000e+00	4.400000e+00	4.852000e+01	4.852000e+01	0.000000e+00
710	5.600000e+00	4.400000e+00	5.072000e+01	5.072000e+01	0.000000e+00
711	5.800000e+00	4.400000e+00	5.300000e+01	5.300000e+01	0.000000e+00
712	6.000000e+00	4.400000e+00	5.536000e+01	5.536000e+01	0.000000e+00
713	0.000000e+00	4.600000e+00	2.116000e+01	2.116000e+01	0.000000e+00
714	2.000000e-01	4.600000e+00	2.120000e+01	2.120000e+01	0.000000e+00
715	4.000000e-01	4.600000e+00	2.132000e+01	2.132000e+01	0.000000e+00
716	6.000000e-01	4.600000e+00	2.152000e+01	2.152000e+01	0.000000e+00
717	8.000000e-01	4.600000e+00	2.180000e+01	2.180000e+01	0.000000e+00
718	1.000000e+00	4.600000e+00	2.216000e+01	2.216000e+01	4.618528e-14
719	1.200000e+00	4.600000e+00	2.260000e+01	2.260000e+01	1.207923e-13
720	1.400000e+00	4.600000e+00	2.312000e+01	2.312000e+01	2.629008e-13
721	1.600000e+00	4.600000e+00	2.372000e+01	2.372000e+01	5.506706e-13
722	1.800000e+00	4.600000e+00	2.440000e+01	2.440000e+01	1.080025e-12
723	2.000000e+00	4.600000e+00	2.516000e+01	2.516000e+01	1.886491e-12
724	2.200000e+00	4.600000e+00	2.600000e+01	2.600000e+01	2.817302e-12
725	2.400000e+00	4.600000e+00	2.692000e+01	2.692000e+01	3.705480e-12
726	2.600000e+00	4.600000e+00	2.792000e+01	2.792000e+01	4.416023e-12
727	2.800000e+00	4.600000e+00	2.900000e+01	2.900000e+01	4.874323e-12
728	3.000000e+00	4.600000e+00	3.016000e+01	3.016000e+01	5.027090e-12
729	3.200000e+00	4.600000e+00	3.140000e+01	3.140000e+01	4.867218e-12
730	3.400000e+00	4.600000e+00	3.272000e+01	3.272000e+01	4.412470e-12
731	3.600000e+00	4.600000e+00	3.412000e+01	3.412000e+01	3.694822e-12
732	3.800000e+00	4.600000e+00	3.560000e+01	3.560000e+01	2.806644e-12
733	4.000000e+00	4.600000e+00	3.716000e+01	3.716000e+01	1.875833e-12
734	4.200000e+00	4.600000e+00	3.880000e+01	3.880000e+01	1.080025e-12
735	4.400000e+00	4.600000e+00	4.052000e+01	4.052000e+01	5.542233e-13
736	4.600000e+00	4.600000e+00	4.232000e+01	4.232000e+01	2.629008e-13
737	4.800000e+00	4.600000e+00	4.420000e+01	4.420000e+01	1.207923e-13
738	5.000000e+00	4.600000e+00	4.616000e+01	4.616000e+01	4.263256e-14
739	5.200000e+00	4.600000e+00	4.820000e+01	4.820000e+01	0.000000e+00
740	5.400000e+00	4.600000e+00	5.032000e+01	5.032000e+01	0.000000e+00
741	5.600000e+00	4.600000e+00	5.252000e+01	5.252000e+01	0.000000e+00
742	5.800000e+00	4.600000e+00	5.480000e+01	5.480000e+01	0.000000e+00
743	6.000000e+00	4.600000e+00	5.716000e+01	5.716000e+01	0.000000e+00
744	0.000000e+00	4.800000e+00	2.304000e+01	2.304000e+01	0.000000e+00
745	2.000000e-01	4.800000e+00	2.308000e+01	2.308000e+01	0.000000e+00
746	4.000000e-01	4.800000e+00	2.320000e+01	2.320000e+01	0.000000e+00
747	6.000000e-01	4.800000e+00	2.340000e+01	2.340000e+01	0.000000e+00
748	8.000000e-01	4.800000e+00	2.368000e+01	2.368000e+01	0.000000e+00
749	1.000000e+00	4.800000e+00	2.404000e+01	2.404000e+01	4.263256e-14
750	1.200000e+00	4.800000e+00	2.448000e+01	2.448000e+01	1.101341e-13
751	1.400000e+00	4.800000e+00	2.500000e+01	2.500000e+01	2.238210e-13
752	1.600000e+00	4.800000e+00	2.560000e+01	2.560000e+01	4.440892e-13
753	1.800000e+00	4.800000e+00	2.628000e+01	2.628000e+01	8.206769e-13
754	2.000000e+00	4.800000e+00	2.704000e+01	2.704000e+01	1.364242e-12
755	2.200000e+00	4.800000e+00	2.788000e+01	2.788000e+01	1.978862e-12
756	2.400000e+00	4.800000e+00	2.880000e+01	2.880000e+01	2.575717e-12
757	2.600000e+00	4.800000e+00	2.980000e+01	2.980000e+01	3.051781e-12
758	2.800000e+00	4.800000e+00	3.088000e+01	3.088000e+01	3.364420e-12
759	3.000000e+00	4.800000e+00	3.204000e+01	3.204000e+01	3.474554e-12
760	3.200000e+00	4.800000e+00	3.328000e+01	3.328000e+01	3.367973e-12
761	3.400000e+00	4.800000e+00	3.460000e+01	3.460000e+01	3.048228e-12
762	3.600000e+00	4.800000e+00	3.600000e+01	3.600000e+01	2.565059e-12
763	3.800000e+00	4.800000e+00	3.748000e+01	3.748000e+01	1.968203e-12
764	4.000000e+00	4.800000e+00	3.904000e+01	3.904000e+01	1.357137e-12
765	4.200000e+00	4.800000e+00	4.068000e+01	4.068000e+01	8.242296e-13
766	4.400000e+00	4.800000e+00	4.240000e+01	4.240000e+01	4.547474e-13
767	4.600000e+00	4.800000e+00	4.420000e+01	4.420000e+01	2.273737e-13
768	4.800000e+00	4.800000e+00	4.608000e+01	4.608000e+01	1.065814e-13
769	5.000000e+00	4.800000e+00	4.804000e+01	4.804000e+01	4.973799e-14
770	5.200000e+00	4.800000e+00	5.008000e+01	5.008000e+01	0.000000e+00
771	5.400000e+00	4.800000e+00	5.220000e+01	5.220000e+01	0.000000e+00
772	5.600000e+00	4.800000e+00	5.440000e+01	5.440000e+01	0.000000e+00
773	5.800000e+00	4.800000e+00	5.668000e+01	5.668000e+01	0.000000e+00
774	6.000000e+00	4.800000e+00	5.904000e+01	5.904000e+01	0.000000e+00
775	0.000000e+00	5.000000e+00	2.500000e+01	2.500000e+01	0.000000e+00
776	2.000000e-01	5.000000e+00	2.504000e+01	2.504000e+01	0.000000e+00
777	4.000000e-01	5.000000e+00	2.516000e+01	2.516000e+01	0.000000e+00
778	6.000000e-01	5.000000e+00	2.536000e+01	2.536000e+01	0.000000e+00
779	8.000000e-01	5.000000e+00	2.564000e+01	2.564000e+01	0.000000e+00
780	1.000000e+00	5.000000e+00	2.600000e+01	2.600000e+01	3.907985e-14
781	1.200000e+00	5.000000e+00	2.644000e+01	2.644000e+01	9.592327e-14
782	1.400000e+00	5.000000e+00	2.696000e+01	2.696000e+01	1.811884e-13
783	1.600000e+00	5.000000e+00	2.756000e+01	2.756000e+01	3.481659e-13
784	1.800000e+00	5.000000e+00	2.824000e+01	2.824000e+01	6.146195e-13
785	2.000000e+00	5.000000e+00	2.900000e+01	2.900000e+01	9.805490e-13
786	2.200000e+00	5.000000e+00	2.984000e+01	2.984000e+01	1.396216e-12
787	2.400000e+00	5.000000e+00	3.076000e+01	3.076000e+01	1.787015e-12
788	2.600000e+00	5.000000e+00	3.176000e+01	3.176000e+01	2.113865e-12
789	2.800000e+00	5.000000e+00	3.284000e+01	3.284000e+01	2.316369e-12
790	3.000000e+00	5.000000e+00	3.400000e+01	3.400000e+01	2.394529e-12
791	3.200000e+00	5.000000e+00	3.524000e+01	3.524000e+01	2.323475e-12
792	3.400000e+00	5.000000e+00	3.656000e+01	3.656000e+01	2.110312e-12
793	3.600000e+00	5.000000e+00	3.796000e+01	3.796000e+01	1.783462e-12
794	3.800000e+00	5.000000e+00	3.944000e+01	3.944000e+01	1.385558e-12
795	4.000000e+00	5.000000e+00	4.100000e+01	4.100000e+01	9.734435e-13
796	4.200000e+00	5.000000e+00	4.264000e+01	4.264000e+01	6.181722e-13
797	4.400000e+00	5.000000e+00	4.436000e+01	4.436000e+01	3.481659e-13
798	4.600000e+00	5.000000e+00	4.616000e+01	4.616000e+01	1.918465e-13
799	4.800000e+00	5.000000e+00	4.804000e+01	4.804000e+01	9.947598e-14
800	5.000000e+00	5.000000e+00	5.000000e+01	5.000000e+01	4.263256e-14
801	5.200000e+00	5.000000e+00	5.204000e+01	5.204000e+01	0.000000e+00
802	5.400000e+00	5.000000e+00	5.416000e+01	5.416000e+01	0.000000e+00
803	5.600000e+00	5.000000e+00	5.636000e+01	5.636000e+01	0.000000e+00
804	5.800000e+00	5.000000e+00	5.864000e+01	5.864000e+01	0.000000e+00
805	6.000000e+00	5.000000e+00	6.100000e+01	6.100000e+01	0.000000e+00
