N	x	y	u	u*	|u - u*|
10	2	0	5.000000e+00	5.000000e+00	0.000000e+00
11	2.200000e+00	0.000000e+00	5.400000e+00	5.400000e+00	0.000000e+00
12	2.400000e+00	0.000000e+00	5.800000e+00	5.800000e+00	0.000000e+00
13	2.600000e+00	0.000000e+00	6.200000e+00	6.200000e+00	0.000000e+00
14	2.800000e+00	0.000000e+00	6.600000e+00	6.600000e+00	0.000000e+00
15	3.000000e+00	0.000000e+00	7.000000e+00	7.000000e+00	8.881784e-16
16	3.200000e+00	0.000000e+00	7.400000e+00	7.400000e+00	0.000000e+00
17	3.400000e+00	0.000000e+00	7.800000e+00	7.800000e+00	0.000000e+00
18	3.600000e+00	0.000000e+00	8.200000e+00	8.200000e+00	0.000000e+00
19	3.800000e+00	0.000000e+00	8.600000e+00	8.600000e+00	0.000000e+00
20	4.000000e+00	0.000000e+00	9.000000e+00	9.000000e+00	0.000000e+00
41	2.000000e+00	2.000000e-01	5.600000e+00	5.600000e+00	0.000000e+00
42	2.200000e+00	2.000000e-01	6.000000e+00	6.000000e+00	0.000000e+00
43	2.400000e+00	2.000000e-01	6.400000e+00	6.400000e+00	0.000000e+00
44	2.600000e+00	2.000000e-01	6.800000e+00	6.800000e+00	0.000000e+00
45	2.800000e+00	2.000000e-01	7.200000e+00	7.200000e+00	0.000000e+00
46	3.000000e+00	2.000000e-01	7.600000e+00	7.600000e+00	0.000000e+00
47	3.200000e+00	2.000000e-01	8.000000e+00	8.000000e+00	0.000000e+00
48	3.400000e+00	2.000000e-01	8.400000e+00	8.400000e+00	0.000000e+00
49	3.600000e+00	2.000000e-01	8.800000e+00	8.800000e+00	0.000000e+00
50	3.800000e+00	2.000000e-01	9.200000e+00	9.200000e+00	0.000000e+00
51	4.000000e+00	2.000000e-01	9.600000e+00	9.600000e+00	0.000000e+00
72	2.000000e+00	4.000000e-01	6.200000e+00	6.200000e+00	0.000000e+00
73	2.200000e+00	4.000000e-01	6.600000e+00	6.600000e+00	0.000000e+00
74	2.400000e+00	4.000000e-01	7.000000e+00	7.000000e+00	0.000000e+00
75	2.600000e+00	4.000000e-01	7.400000e+00	7.400000e+00	0.000000e+00
76	2.800000e+00	4.000000e-01	7.800000e+00	7.800000e+00	0.000000e+00
77	3.000000e+00	4.000000e-01	8.200000e+00	8.200000e+00	1.776357e-15
78	3.200000e+00	4.000000e-01	8.600000e+00	8.600000e+00	0.000000e+00
79	3.400000e+00	4.000000e-01	9.000000e+00	9.000000e+00	0.000000e+00
80	3.600000e+00	4.000000e-01	9.400000e+00	9.400000e+00	0.000000e+00
81	3.800000e+00	4.000000e-01	9.800000e+00	9.800000e+00	0.000000e+00
82	4.000000e+00	4.000000e-01	1.020000e+01	1.020000e+01	0.000000e+00
103	2.000000e+00	6.000000e-01	6.800000e+00	6.800000e+00	0.000000e+00
104	2.200000e+00	6.000000e-01	7.200000e+00	7.200000e+00	0.000000e+00
105	2.400000e+00	6.000000e-01	7.600000e+00	7.600000e+00	0.000000e+00
106	2.600000e+00	6.000000e-01	8.000000e+00	8.000000e+00	0.000000e+00
107	2.800000e+00	6.000000e-01	8.400000e+00	8.400000e+00	0.000000e+00
108	3.000000e+00	6.000000e-01	8.800000e+00	8.800000e+00	1.776357e-15
109	3.200000e+00	6.000000e-01	9.200000e+00	9.200000e+00	0.000000e+00
110	3.400000e+00	6.000000e-01	9.600000e+00	9.600000e+00	0.000000e+00
111	3.600000e+00	6.000000e-01	1.000000e+01	1.000000e+01	0.000000e+00
112	3.800000e+00	6.000000e-01	1.040000e+01	1.040000e+01	0.000000e+00
113	4.000000e+00	6.000000e-01	1.080000e+01	1.080000e+01	0.000000e+00
134	2.000000e+00	8.000000e-01	7.400000e+00	7.400000e+00	0.000000e+00
135	2.200000e+00	8.000000e-01	7.800000e+00	7.800000e+00	0.000000e+00
136	2.400000e+00	8.000000e-01	8.200000e+00	8.200000e+00	0.000000e+00
137	2.600000e+00	8.000000e-01	8.600000e+00	8.600000e+00	0.000000e+00
138	2.800000e+00	8.000000e-01	9.000000e+00	9.000000e+00	0.000000e+00
139	3.000000e+00	8.000000e-01	9.400000e+00	9.400000e+00	0.000000e+00
140	3.200000e+00	8.000000e-01	9.800000e+00	9.800000e+00	0.000000e+00
141	3.400000e+00	8.000000e-01	1.020000e+01	1.020000e+01	0.000000e+00
142	3.600000e+00	8.000000e-01	1.060000e+01	1.060000e+01	0.000000e+00
143	3.800000e+00	8.000000e-01	1.100000e+01	1.100000e+01	0.000000e+00
144	4.000000e+00	8.000000e-01	1.140000e+01	1.140000e+01	0.000000e+00
165	2.000000e+00	1.000000e+00	8.000000e+00	8.000000e+00	0.000000e+00
166	2.200000e+00	1.000000e+00	8.400000e+00	8.400000e+00	0.000000e+00
167	2.400000e+00	1.000000e+00	8.800000e+00	8.800000e+00	0.000000e+00
168	2.600000e+00	1.000000e+00	9.200000e+00	9.200000e+00	0.000000e+00
169	2.800000e+00	1.000000e+00	9.600000e+00	9.600000e+00	0.000000e+00
170	3.000000e+00	1.000000e+00	1.000000e+01	1.000000e+01	1.776357e-15
171	3.200000e+00	1.000000e+00	1.040000e+01	1.040000e+01	0.000000e+00
172	3.400000e+00	1.000000e+00	1.080000e+01	1.080000e+01	0.000000e+00
173	3.600000e+00	1.000000e+00	1.120000e+01	1.120000e+01	0.000000e+00
174	3.800000e+00	1.000000e+00	1.160000e+01	1.160000e+01	0.000000e+00
175	4.000000e+00	1.000000e+00	1.200000e+01	1.200000e+01	0.000000e+00
196	2.000000e+00	1.200000e+00	8.600000e+00	8.600000e+00	0.000000e+00
197	2.200000e+00	1.200000e+00	9.000000e+00	9.000000e+00	0.000000e+00
198	2.400000e+00	1.200000e+00	9.400000e+00	9.400000e+00	0.000000e+00
199	2.600000e+00	1.200000e+00	9.800000e+00	9.800000e+00	0.000000e+00
200	2.800000e+00	1.200000e+00	1.020000e+01	1.020000e+01	0.000000e+00
201	3.000000e+00	1.200000e+00	1.060000e+01	1.060000e+01	3.552714e-15
202	3.200000e+00	1.200000e+00	1.100000e+01	1.100000e+01	0.000000e+00
203	3.400000e+00	1.200000e+00	1.140000e+01	1.140000e+01	0.000000e+00
204	3.600000e+00	1.200000e+00	1.180000e+01	1.180000e+01	0.000000e+00
205	3.800000e+00	1.200000e+00	1.220000e+01	1.220000e+01	0.000000e+00
206	4.000000e+00	1.200000e+00	1.260000e+01	1.260000e+01	0.000000e+00
227	2.000000e+00	1.400000e+00	9.200000e+00	9.200000e+00	0.000000e+00
228	2.200000e+00	1.400000e+00	9.600000e+00	9.600000e+00	0.000000e+00
229	2.400000e+00	1.400000e+00	1.000000e+01	1.000000e+01	0.000000e+00
230	2.600000e+00	1.400000e+00	1.040000e+01	1.040000e+01	0.000000e+00
231	2.800000e+00	1.400000e+00	1.080000e+01	1.080000e+01	0.000000e+00
232	3.000000e+00	1.400000e+00	1.120000e+01	1.120000e+01	0.000000e+00
233	3.200000e+00	1.400000e+00	1.160000e+01	1.160000e+01	0.000000e+00
234	3.400000e+00	1.400000e+00	1.200000e+01	1.200000e+01	0.000000e+00
235	3.600000e+00	1.400000e+00	1.240000e+01	1.240000e+01	0.000000e+00
236	3.800000e+00	1.400000e+00	1.280000e+01	1.280000e+01	0.000000e+00
237	4.000000e+00	1.400000e+00	1.320000e+01	1.320000e+01	0.000000e+00
258	2.000000e+00	1.600000e+00	9.800000e+00	9.800000e+00	0.000000e+00
259	2.200000e+00	1.600000e+00	1.020000e+01	1.020000e+01	0.000000e+00
260	2.400000e+00	1.600000e+00	1.060000e+01	1.060000e+01	0.000000e+00
261	2.600000e+00	1.600000e+00	1.100000e+01	1.100000e+01	0.000000e+00
262	2.800000e+00	1.600000e+00	1.140000e+01	1.140000e+01	0.000000e+00
263	3.000000e+00	1.600000e+00	1.180000e+01	1.180000e+01	1.776357e-15
264	3.200000e+00	1.600000e+00	1.220000e+01	1.220000e+01	0.000000e+00
265	3.400000e+00	1.600000e+00	1.260000e+01	1.260000e+01	0.000000e+00
266	3.600000e+00	1.600000e+00	1.300000e+01	1.300000e+01	0.000000e+00
267	3.800000e+00	1.600000e+00	1.340000e+01	1.340000e+01	0.000000e+00
268	4.000000e+00	1.600000e+00	1.380000e+01	1.380000e+01	0.000000e+00
289	2.000000e+00	1.800000e+00	1.040000e+01	1.040000e+01	0.000000e+00
290	2.200000e+00	1.800000e+00	1.080000e+01	1.080000e+01	0.000000e+00
291	2.400000e+00	1.800000e+00	1.120000e+01	1.120000e+01	0.000000e+00
292	2.600000e+00	1.800000e+00	1.160000e+01	1.160000e+01	0.000000e+00
293	2.800000e+00	1.800000e+00	1.200000e+01	1.200000e+01	0.000000e+00
294	3.000000e+00	1.800000e+00	1.240000e+01	1.240000e+01	5.329071e-15
295	3.200000e+00	1.800000e+00	1.280000e+01	1.280000e+01	0.000000e+00
296	3.400000e+00	1.800000e+00	1.320000e+01	1.320000e+01	0.000000e+00
297	3.600000e+00	1.800000e+00	1.360000e+01	1.360000e+01	0.000000e+00
298	3.800000e+00	1.800000e+00	1.400000e+01	1.400000e+01	0.000000e+00
299	4.000000e+00	1.800000e+00	1.440000e+01	1.440000e+01	0.000000e+00
320	2.000000e+00	2.000000e+00	1.100000e+01	1.100000e+01	0.000000e+00
321	2.200000e+00	2.000000e+00	1.140000e+01	1.140000e+01	0.000000e+00
322	2.400000e+00	2.000000e+00	1.180000e+01	1.180000e+01	0.000000e+00
323	2.600000e+00	2.000000e+00	1.220000e+01	1.220000e+01	0.000000e+00
324	2.800000e+00	2.000000e+00	1.260000e+01	1.260000e+01	0.000000e+00
325	3.000000e+00	2.000000e+00	1.300000e+01	1.300000e+01	1.421085e-14
326	3.200000e+00	2.000000e+00	1.340000e+01	1.340000e+01	0.000000e+00
327	3.400000e+00	2.000000e+00	1.380000e+01	1.380000e+01	0.000000e+00
328	3.600000e+00	2.000000e+00	1.420000e+01	1.420000e+01	0.000000e+00
329	3.800000e+00	2.000000e+00	1.460000e+01	1.460000e+01	0.000000e+00
330	4.000000e+00	2.000000e+00	1.500000e+01	1.500000e+01	0.000000e+00
351	2.000000e+00	2.200000e+00	1.160000e+01	1.160000e+01	0.000000e+00
352	2.200000e+00	2.200000e+00	1.200000e+01	1.200000e+01	0.000000e+00
353	2.400000e+00	2.200000e+00	1.240000e+01	1.240000e+01	0.000000e+00
354	2.600000e+00	2.200000e+00	1.280000e+01	1.280000e+01	0.000000e+00
355	2.800000e+00	2.200000e+00	1.320000e+01	1.320000e+01	0.000000e+00
356	3.000000e+00	2.200000e+00	1.360000e+01	1.360000e+01	3.907985e-14
357	3.200000e+00	2.200000e+00	1.400000e+01	1.400000e+01	0.000000e+00
358	3.400000e+00	2.200000e+00	1.440000e+01	1.440000e+01	0.000000e+00
359	3.600000e+00	2.200000e+00	1.480000e+01	1.480000e+01	0.000000e+00
360	3.800000e+00	2.200000e+00	1.520000e+01	1.520000e+01	0.000000e+00
361	4.000000e+00	2.200000e+00	1.560000e+01	1.560000e+01	0.000000e+00
382	2.000000e+00	2.400000e+00	1.220000e+01	1.220000e+01	0.000000e+00
383	2.200000e+00	2.400000e+00	1.260000e+01	1.260000e+01	0.000000e+00
384	2.400000e+00	2.400000e+00	1.300000e+01	1.300000e+01	0.000000e+00
385	2.600000e+00	2.400000e+00	1.340000e+01	1.340000e+01	0.000000e+00
386	2.800000e+00	2.400000e+00	1.380000e+01	1.380000e+01	0.000000e+00
387	3.000000e+00	2.400000e+00	1.420000e+01	1.420000e+01	1.048051e-13
388	3.200000e+00	2.400000e+00	1.460000e+01	1.460000e+01	0.000000e+00
389	3.400000e+00	2.400000e+00	1.500000e+01	1.500000e+01	0.000000e+00
390	3.600000e+00	2.400000e+00	1.540000e+01	1.540000e+01	0.000000e+00
391	3.800000e+00	2.400000e+00	1.580000e+01	1.580000e+01	0.000000e+00
392	4.000000e+00	2.400000e+00	1.620000e+01	1.620000e+01	0.000000e+00
413	2.000000e+00	2.600000e+00	1.280000e+01	1.280000e+01	0.000000e+00
414	2.200000e+00	2.600000e+00	1.320000e+01	1.320000e+01	0.000000e+00
415	2.400000e+00	2.600000e+00	1.360000e+01	1.360000e+01	0.000000e+00
416	2.600000e+00	2.600000e+00	1.400000e+01	1.400000e+01	0.000000e+00
417	2.800000e+00	2.600000e+00	1.440000e+01	1.440000e+01	0.000000e+00
418	3.000000e+00	2.600000e+00	1.480000e+01	1.480000e+01	2.966516e-13
419	3.200000e+00	2.600000e+00	1.520000e+01	1.520000e+01	0.000000e+00
420	3.400000e+00	2.600000e+00	1.560000e+01	1.560000e+01	0.000000e+00
421	3.600000e+00	2.600000e+00	1.600000e+01	1.600000e+01	0.000000e+00
422	3.800000e+00	2.600000e+00	1.640000e+01	1.640000e+01	0.000000e+00
423	4.000000e+00	2.600000e+00	1.680000e+01	1.680000e+01	0.000000e+00
444	2.000000e+00	2.800000e+00	1.340000e+01	1.340000e+01	0.000000e+00
445	2.200000e+00	2.800000e+00	1.380000e+01	1.380000e+01	0.000000e+00
446	2.400000e+00	2.800000e+00	1.420000e+01	1.420000e+01	0.000000e+00
447	2.600000e+00	2.800000e+00	1.460000e+01	1.460000e+01	0.000000e+00
448	2.800000e+00	2.800000e+00	1.500000e+01	1.500000e+01	0.000000e+00
449	3.000000e+00	2.800000e+00	1.540000e+01	1.540000e+01	8.437695e-13
450	3.200000e+00	2.800000e+00	1.580000e+01	1.580000e+01	0.000000e+00
451	3.400000e+00	2.800000e+00	1.620000e+01	1.620000e+01	0.000000e+00
452	3.600000e+00	2.800000e+00	1.660000e+01	1.660000e+01	0.000000e+00
453	3.800000e+00	2.800000e+00	1.700000e+01	1.700000e+01	0.000000e+00
454	4.000000e+00	2.800000e+00	1.740000e+01	1.740000e+01	0.000000e+00
465	0.000000e+00	3.000000e+00	1.000000e+01	1.000000e+01	0.000000e+00
466	2.000000e-01	3.000000e+00	1.040000e+01	1.040000e+01	0.000000e+00
467	4.000000e-01	3.000000e+00	1.080000e+01	1.080000e+01	0.000000e+00
468	6.000000e-01	3.000000e+00	1.120000e+01	1.120000e+01	0.000000e+00
469	8.000000e-01	3.000000e+00	1.160000e+01	1.160000e+01	0.000000e+00
470	1.000000e+00	3.000000e+00	1.200000e+01	1.200000e+01	0.000000e+00
471	1.200000e+00	3.000000e+00	1.240000e+01	1.240000e+01	0.000000e+00
472	1.400000e+00	3.000000e+00	1.280000e+01	1.280000e+01	0.000000e+00
473	1.600000e+00	3.000000e+00	1.320000e+01	1.320000e+01	0.000000e+00
474	1.800000e+00	3.000000e+00	1.360000e+01	1.360000e+01	0.000000e+00
475	2.000000e+00	3.000000e+00	1.400000e+01	1.400000e+01	0.000000e+00
476	2.200000e+00	3.000000e+00	1.440000e+01	1.440000e+01	0.000000e+00
477	2.400000e+00	3.000000e+00	1.480000e+01	1.480000e+01	0.000000e+00
478	2.600000e+00	3.000000e+00	1.520000e+01	1.520000e+01	0.000000e+00
479	2.800000e+00	3.000000e+00	1.560000e+01	1.560000e+01	0.000000e+00
480	3.000000e+00	3.000000e+00	1.600000e+01	1.600000e+01	2.414069e-12
481	3.200000e+00	3.000000e+00	1.640000e+01	1.640000e+01	0.000000e+00
482	3.400000e+00	3.000000e+00	1.680000e+01	1.680000e+01	0.000000e+00
483	3.600000e+00	3.000000e+00	1.720000e+01	1.720000e+01	0.000000e+00
484	3.800000e+00	3.000000e+00	1.760000e+01	1.760000e+01	0.000000e+00
485	4.000000e+00	3.000000e+00	1.800000e+01	1.800000e+01	0.000000e+00
486	4.200000e+00	3.000000e+00	1.840000e+01	1.840000e+01	0.000000e+00
487	4.400000e+00	3.000000e+00	1.880000e+01	1.880000e+01	0.000000e+00
488	4.600000e+00	3.000000e+00	1.920000e+01	1.920000e+01	0.000000e+00
489	4.800000e+00	3.000000e+00	1.960000e+01	1.960000e+01	0.000000e+00
490	5.000000e+00	3.000000e+00	2.000000e+01	2.000000e+01	0.000000e+00
491	5.200000e+00	3.000000e+00	2.040000e+01	2.040000e+01	0.000000e+00
492	5.400000e+00	3.000000e+00	2.080000e+01	2.080000e+01	0.000000e+00
493	5.600000e+00	3.000000e+00	2.120000e+01	2.120000e+01	0.000000e+00
494	5.800000e+00	3.000000e+00	2.160000e+01	2.160000e+01	0.000000e+00
495	6.000000e+00	3.000000e+00	2.200000e+01	2.200000e+01	0.000000e+00
496	0.000000e+00	3.200000e+00	1.060000e+01	1.060000e+01	0.000000e+00
497	2.000000e-01	3.200000e+00	1.100000e+01	1.100000e+01	0.000000e+00
498	4.000000e-01	3.200000e+00	1.140000e+01	1.140000e+01	0.000000e+00
499	6.000000e-01	3.200000e+00	1.180000e+01	1.180000e+01	0.000000e+00
500	8.000000e-01	3.200000e+00	1.220000e+01	1.220000e+01	0.000000e+00
501	1.000000e+00	3.200000e+00	1.260000e+01	1.260000e+01	0.000000e+00
502	1.200000e+00	3.200000e+00	1.300000e+01	1.300000e+01	0.000000e+00
503	1.400000e+00	3.200000e+00	1.340000e+01	1.340000e+01	0.000000e+00
504	1.600000e+00	3.200000e+00	1.380000e+01	1.380000e+01	0.000000e+00
505	1.800000e+00	3.200000e+00	1.420000e+01	1.420000e+01	0.000000e+00
506	2.000000e+00	3.200000e+00	1.460000e+01	1.460000e+01	1.609379e-12
507	2.200000e+00	3.200000e+00	1.500000e+01	1.500000e+01	3.092637e-12
508	2.400000e+00	3.200000e+00	1.540000e+01	1.540000e+01	4.369838e-12
509	2.600000e+00	3.200000e+00	1.580000e+01	1.580000e+01	5.385914e-12
510	2.800000e+00	3.200000e+00	1.620000e+01	1.620000e+01	6.167511e-12
511	3.000000e+00	3.200000e+00	1.660000e+01	1.660000e+01	6.913581e-12
512	3.200000e+00	3.200000e+00	1.700000e+01	1.700000e+01	6.163958e-12
513	3.400000e+00	3.200000e+00	1.740000e+01	1.740000e+01	5.385914e-12
514	3.600000e+00	3.200000e+00	1.780000e+01	1.780000e+01	4.369838e-12
515	3.800000e+00	3.200000e+00	1.820000e+01	1.820000e+01	3.101519e-12
516	4.000000e+00	3.200000e+00	1.860000e+01	1.860000e+01	1.609379e-12
517	4.200000e+00	3.200000e+00	1.900000e+01	1.900000e+01	0.000000e+00
518	4.400000e+00	3.200000e+00	1.940000e+01	1.940000e+01	0.000000e+00
519	4.600000e+00	3.200000e+00	1.980000e+01	1.980000e+01	0.000000e+00
520	4.800000e+00	3.200000e+00	2.020000e+01	2.020000e+01	0.000000e+00
521	5.000000e+00	3.200000e+00	2.060000e+01	2.060000e+01	0.000000e+00
522	5.200000e+00	3.200000e+00	2.100000e+01	2.100000e+01	0.000000e+00
523	5.400000e+00	3.200000e+00	2.140000e+01	2.140000e+01	0.000000e+00
524	5.600000e+00	3.200000e+00	2.180000e+01	2.180000e+01	0.000000e+00
525	5.800000e+00	3.200000e+00	2.220000e+01	2.220000e+01	0.000000e+00
526	6.000000e+00	3.200000e+00	2.260000e+01	2.260000e+01	0.000000e+00
527	0.000000e+00	3.400000e+00	1.120000e+01	1.120000e+01	0.000000e+00
528	2.000000e-01	3.400000e+00	1.160000e+01	1.160000e+01	0.000000e+00
529	4.000000e-01	3.400000e+00	1.200000e+01	1.200000e+01	0.000000e+00
530	6.000000e-01	3.400000e+00	1.240000e+01	1.240000e+01	0.000000e+00
531	8.000000e-01	3.400000e+00	1.280000e+01	1.280000e+01	0.000000e+00
532	1.000000e+00	3.400000e+00	1.320000e+01	1.320000e+01	0.000000e+00
533	1.200000e+00	3.400000e+00	1.360000e+01	1.360000e+01	0.000000e+00
534	1.400000e+00	3.400000e+00	1.400000e+01	1.400000e+01	0.000000e+00
535	1.600000e+00	3.400000e+00	1.440000e+01	1.440000e+01	0.000000e+00
536	1.800000e+00	3.400000e+00	1.480000e+01	1.480000e+01	0.000000e+00
537	2.000000e+00	3.400000e+00	1.520000e+01	1.520000e+01	2.644995e-12
538	2.200000e+00	3.400000e+00	1.560000e+01	1.560000e+01	5.064393e-12
539	2.400000e+00	3.400000e+00	1.600000e+01	1.600000e+01	7.123191e-12
540	2.600000e+00	3.400000e+00	1.640000e+01	1.640000e+01	8.718359e-12
541	2.800000e+00	3.400000e+00	1.680000e+01	1.680000e+01	9.784173e-12
542	3.000000e+00	3.400000e+00	1.720000e+01	1.720000e+01	1.024958e-11
543	3.200000e+00	3.400000e+00	1.760000e+01	1.760000e+01	9.784173e-12
544	3.400000e+00	3.400000e+00	1.800000e+01	1.800000e+01	8.714807e-12
545	3.600000e+00	3.400000e+00	1.840000e+01	1.840000e+01	7.116085e-12
546	3.800000e+00	3.400000e+00	1.880000e+01	1.880000e+01	5.066170e-12
547	4.000000e+00	3.400000e+00	1.920000e+01	1.920000e+01	2.643219e-12
548	4.200000e+00	3.400000e+00	1.960000e+01	1.960000e+01	0.000000e+00
549	4.400000e+00	3.400000e+00	2.000000e+01	2.000000e+01	0.000000e+00
550	4.600000e+00	3.400000e+00	2.040000e+01	2.040000e+01	0.000000e+00
551	4.800000e+00	3.400000e+00	2.080000e+01	2.080000e+01	0.000000e+00
552	5.000000e+00	3.400000e+00	2.120000e+01	2.120000e+01	0.000000e+00
553	5.200000e+00	3.400000e+00	2.160000e+01	2.160000e+01	0.000000e+00
554	5.400000e+00	3.400000e+00	2.200000e+01	2.200000e+01	0.000000e+00
555	5.600000e+00	3.400000e+00	2.240000e+01	2.240000e+01	0.000000e+00
556	5.800000e+00	3.400000e+00	2.280000e+01	2.280000e+01	0.000000e+00
557	6.000000e+00	3.400000e+00	2.320000e+01	2.320000e+01	0.000000e+00
558	0.000000e+00	3.600000e+00	1.180000e+01	1.180000e+01	0.000000e+00
559	2.000000e-01	3.600000e+00	1.220000e+01	1.220000e+01	0.000000e+00
560	4.000000e-01	3.600000e+00	1.260000e+01	1.260000e+01	0.000000e+00
561	6.000000e-01	3.600000e+00	1.300000e+01	1.300000e+01	0.000000e+00
562	8.000000e-01	3.600000e+00	1.340000e+01	1.340000e+01	0.000000e+00
563	1.000000e+00	3.600000e+00	1.380000e+01	1.380000e+01	0.000000e+00
564	1.200000e+00	3.600000e+00	1.420000e+01	1.420000e+01	0.000000e+00
565	1.400000e+00	3.600000e+00	1.460000e+01	1.460000e+01	0.000000e+00
566	1.600000e+00	3.600000e+00	1.500000e+01	1.500000e+01	0.000000e+00
567	1.800000e+00	3.600000e+00	1.540000e+01	1.540000e+01	0.000000e+00
568	2.000000e+00	3.600000e+00	1.580000e+01	1.580000e+01	3.115730e-12
569	2.200000e+00	3.600000e+00	1.620000e+01	1.620000e+01	5.904610e-12
570	2.400000e+00	3.600000e+00	1.660000e+01	1.660000e+01	8.245848e-12
571	2.600000e+00	3.600000e+00	1.700000e+01	1.700000e+01	1.003286e-11
572	2.800000e+00	3.600000e+00	1.740000e+01	1.740000e+01	1.118394e-11
573	3.000000e+00	3.600000e+00	1.780000e+01	1.780000e+01	1.159250e-11
574	3.200000e+00	3.600000e+00	1.820000e+01	1.820000e+01	1.118394e-11
575	3.400000e+00	3.600000e+00	1.860000e+01	1.860000e+01	1.003286e-11
576	3.600000e+00	3.600000e+00	1.900000e+01	1.900000e+01	8.238743e-12
577	3.800000e+00	3.600000e+00	1.940000e+01	1.940000e+01	5.901057e-12
578	4.000000e+00	3.600000e+00	1.980000e+01	1.980000e+01	3.115730e-12
579	4.200000e+00	3.600000e+00	2.020000e+01	2.020000e+01	0.000000e+00
580	4.400000e+00	3.600000e+00	2.060000e+01	2.060000e+01	0.000000e+00
581	4.600000e+00	3.600000e+00	2.100000e+01	2.100000e+01	0.000000e+00
582	4.800000e+00	3.600000e+00	2.140000e+01	2.140000e+01	0.000000e+00
583	5.000000e+00	3.600000e+00	2.180000e+01	2.180000e+01	0.000000e+00
584	5.200000e+00	3.600000e+00	2.220000e+01	2.220000e+01	0.000000e+00
585	5.400000e+00	3.600000e+00	2.260000e+01	2.260000e+01	0.000000e+00
586	5.600000e+00	3.600000e+00	2.300000e+01	2.300000e+01	0.000000e+00
587	5.800000e+00	3.600000e+00	2.340000e+01	2.340000e+01	0.000000e+00
588	6.000000e+00	3.600000e+00	2.380000e+01	2.380000e+01	0.000000e+00
589	0.000000e+00	3.800000e+00	1.240000e+01	1.240000e+01	0.000000e+00
590	2.000000e-01	3.800000e+00	1.280000e+01	1.280000e+01	0.000000e+00
591	4.000000e-01	3.800000e+00	1.320000e+01	1.320000e+01	0.000000e+00
592	6.000000e-01	3.800000e+00	1.360000e+01	1.360000e+01	0.000000e+00
593	8.000000e-01	3.800000e+00	1.400000e+01	1.400000e+01	0.000000e+00
594	1.000000e+00	3.800000e+00	1.440000e+01	1.440000e+01	0.000000e+00
595	1.200000e+00	3.800000e+00	1.480000e+01	1.480000e+01	0.000000e+00
596	1.400000e+00	3.800000e+00	1.520000e+01	1.520000e+01	0.000000e+00
597	1.600000e+00	3.800000e+00	1.560000e+01	1.560000e+01	0.000000e+00
598	1.800000e+00	3.800000e+00	1.600000e+01	1.600000e+01	0.000000e+00
599	2.000000e+00	3.800000e+00	1.640000e+01	1.640000e+01	3.140599e-12
600	2.200000e+00	3.800000e+00	1.680000e+01	1.680000e+01	5.755396e-12
601	2.400000e+00	3.800000e+00	1.720000e+01	1.720000e+01	7.954526e-12
602	2.600000e+00	3.800000e+00	1.760000e+01	1.760000e+01	9.627854e-12
603	2.800000e+00	3.800000e+00	1.800000e+01	1.800000e+01	1.069012e-11
604	3.000000e+00	3.800000e+00	1.840000e+01	1.840000e+01	1.104894e-11
605	3.200000e+00	3.800000e+00	1.880000e+01	1.880000e+01	1.067946e-11
606	3.400000e+00	3.800000e+00	1.920000e+01	1.920000e+01	9.624301e-12
607	3.600000e+00	3.800000e+00	1.960000e+01	1.960000e+01	7.943868e-12
608	3.800000e+00	3.800000e+00	2.000000e+01	2.000000e+01	5.758949e-12
609	4.000000e+00	3.800000e+00	2.040000e+01	2.040000e+01	3.133493e-12
610	4.200000e+00	3.800000e+00	2.080000e+01	2.080000e+01	0.000000e+00
611	4.400000e+00	3.800000e+00	2.120000e+01	2.120000e+01	0.000000e+00
612	4.600000e+00	3.800000e+00	2.160000e+01	2.160000e+01	0.000000e+00
613	4.800000e+00	3.800000e+00	2.200000e+01	2.200000e+01	0.000000e+00
614	5.000000e+00	3.800000e+00	2.240000e+01	2.240000e+01	0.000000e+00
615	5.200000e+00	3.800000e+00	2.280000e+01	2.280000e+01	0.000000e+00
616	5.400000e+00	3.800000e+00	2.320000e+01	2.320000e+01	0.000000e+00
617	5.600000e+00	3.800000e+00	2.360000e+01	2.360000e+01	0.000000e+00
618	5.800000e+00	3.800000e+00	2.400000e+01	2.400000e+01	0.000000e+00
619	6.000000e+00	3.800000e+00	2.440000e+01	2.440000e+01	0.000000e+00
620	0.000000e+00	4.000000e+00	1.300000e+01	1.300000e+01	0.000000e+00
621	2.000000e-01	4.000000e+00	1.340000e+01	1.340000e+01	0.000000e+00
622	4.000000e-01	4.000000e+00	1.380000e+01	1.380000e+01	0.000000e+00
623	6.000000e-01	4.000000e+00	1.420000e+01	1.420000e+01	0.000000e+00
624	8.000000e-01	4.000000e+00	1.460000e+01	1.460000e+01	0.000000e+00
625	1.000000e+00	4.000000e+00	1.500000e+01	1.500000e+01	3.197442e-14
626	1.200000e+00	4.000000e+00	1.540000e+01	1.540000e+01	8.704149e-14
627	1.400000e+00	4.000000e+00	1.580000e+01	1.580000e+01	2.042810e-13
628	1.600000e+00	4.000000e+00	1.620000e+01	1.620000e+01	4.867218e-13
629	1.800000e+00	4.000000e+00	1.660000e+01	1.660000e+01	1.179501e-12
630	2.000000e+00	4.000000e+00	1.700000e+01	1.700000e+01	2.955858e-12
631	2.200000e+00	4.000000e+00	1.740000e+01	1.740000e+01	4.870770e-12
632	2.400000e+00	4.000000e+00	1.780000e+01	1.780000e+01	6.593837e-12
633	2.600000e+00	4.000000e+00	1.820000e+01	1.820000e+01	7.936762e-12
634	2.800000e+00	4.000000e+00	1.860000e+01	1.860000e+01	8.789414e-12
635	3.000000e+00	4.000000e+00	1.900000e+01	1.900000e+01	9.077183e-12
636	3.200000e+00	4.000000e+00	1.940000e+01	1.940000e+01	8.778756e-12
637	3.400000e+00	4.000000e+00	1.980000e+01	1.980000e+01	7.929657e-12
638	3.600000e+00	4.000000e+00	2.020000e+01	2.020000e+01	6.579626e-12
639	3.800000e+00	4.000000e+00	2.060000e+01	2.060000e+01	4.863665e-12
640	4.000000e+00	4.000000e+00	2.100000e+01	2.100000e+01	2.948752e-12
641	4.200000e+00	4.000000e+00	2.140000e+01	2.140000e+01	1.172396e-12
642	4.400000e+00	4.000000e+00	2.180000e+01	2.180000e+01	4.796163e-13
643	4.600000e+00	4.000000e+00	2.220000e+01	2.220000e+01	2.025047e-13
644	4.800000e+00	4.000000e+00	2.260000e+01	2.260000e+01	8.881784e-14
645	5.000000e+00	4.000000e+00	2.300000e+01	2.300000e+01	3.197442e-14
646	5.200000e+00	4.000000e+00	2.340000e+01	2.340000e+01	0.000000e+00
647	5.400000e+00	4.000000e+00	2.380000e+01	2.380000e+01	0.000000e+00
648	5.600000e+00	4.000000e+00	2.420000e+01	2.420000e+01	0.000000e+00
649	5.800000e+00	4.000000e+00	2.460000e+01	2.460000e+01	0.000000e+00
650	6.000000e+00	4.000000e+00	2.500000e+01	2.500000e+01	0.000000e+00
651	0.000000e+00	4.200000e+00	1.360000e+01	1.360000e+01	0.000000e+00
652	2.000000e-01	4.200000e+00	1.400000e+01	1.400000e+01	0.000000e+00
653	4.000000e-01	4.200000e+00	1.440000e+01	1.440000e+01	0.000000e+00
654	6.000000e-01	4.200000e+00	1.480000e+01	1.480000e+01	0.000000e+00
655	8.000000e-01	4.200000e+00	1.520000e+01	1.520000e+01	0.000000e+00
656	1.000000e+00	4.200000e+00	1.560000e+01	1.560000e+01	3.197442e-14
657	1.200000e+00	4.200000e+00	1.600000e+01	1.600000e+01	8.348877e-14
658	1.400000e+00	4.200000e+00	1.640000e+01	1.640000e+01	1.953993e-13
659	1.600000e+00	4.200000e+00	1.680000e+01	1.680000e+01	4.547474e-13
660	1.800000e+00	4.200000e+00	1.720000e+01	1.720000e+01	1.023182e-12
661	2.000000e+00	4.200000e+00	1.760000e+01	1.760000e+01	2.138734e-12
662	2.200000e+00	4.200000e+00	1.800000e+01	1.800000e+01	3.396394e-12
663	2.400000e+00	4.200000e+00	1.840000e+01	1.840000e+01	4.561684e-12
664	2.600000e+00	4.200000e+00	1.880000e+01	1.880000e+01	5.474732e-12
665	2.800000e+00	4.200000e+00	1.920000e+01	1.920000e+01	6.057377e-12
666	3.000000e+00	4.200000e+00	1.960000e+01	1.960000e+01	6.252776e-12
667	3.200000e+00	4.200000e+00	2.000000e+01	2.000000e+01	6.053824e-12
668	3.400000e+00	4.200000e+00	2.040000e+01	2.040000e+01	5.471179e-12
669	3.600000e+00	4.200000e+00	2.080000e+01	2.080000e+01	4.551026e-12
670	3.800000e+00	4.200000e+00	2.120000e+01	2.120000e+01	3.392842e-12
671	4.000000e+00	4.200000e+00	2.160000e+01	2.160000e+01	2.131628e-12
672	4.200000e+00	4.200000e+00	2.200000e+01	2.200000e+01	1.019629e-12
673	4.400000e+00	4.200000e+00	2.240000e+01	2.240000e+01	4.511946e-13
674	4.600000e+00	4.200000e+00	2.280000e+01	2.280000e+01	1.953993e-13
675	4.800000e+00	4.200000e+00	2.320000e+01	2.320000e+01	8.526513e-14
676	5.000000e+00	4.200000e+00	2.360000e+01	2.360000e+01	3.552714e-14
677	5.200000e+00	4.200000e+00	2.400000e+01	2.400000e+01	0.000000e+00
678	5.400000e+00	4.200000e+00	2.440000e+01	2.440000e+01	0.000000e+00
679	5.600000e+00	4.200000e+00	2.480000e+01	2.480000e+01	0.000000e+00
680	5.800000e+00	4.200000e+00	2.520000e+01	2.520000e+01	0.000000e+00
681	6.000000e+00	4.200000e+00	2.560000e+01	2.560000e+01	0.000000e+00
682	0.000000e+00	4.400000e+00	1.420000e+01	1.420000e+01	0.000000e+00
683	2.000000e-01	4.400000e+00	1.460000e+01	1.460000e+01	0.000000e+00
684	4.000000e-01	4.400000e+00	1.500000e+01	1.500000e+01	0.000000e+00
685	6.000000e-01	4.400000e+00	1.540000e+01	1.540000e+01	0.000000e+00
686	8.000000e-01	4.400000e+00	1.580000e+01	1.580000e+01	0.000000e+00
687	1.000000e+00	4.400000e+00	1.620000e+01	1.620000e+01	3.197442e-14
688	1.200000e+00	4.400000e+00	1.660000e+01	1.660000e+01	8.171241e-14
689	1.400000e+00	4.400000e+00	1.700000e+01	1.700000e+01	1.776357e-13
690	1.600000e+00	4.400000e+00	1.740000e+01	1.740000e+01	3.943512e-13
691	1.800000e+00	4.400000e+00	1.780000e+01	1.780000e+01	8.206769e-13
692	2.000000e+00	4.400000e+00	1.820000e+01	1.820000e+01	1.545430e-12
693	2.200000e+00	4.400000e+00	1.860000e+01	1.860000e+01	2.376765e-12
694	2.400000e+00	4.400000e+00	1.900000e+01	1.900000e+01	3.154810e-12
695	2.600000e+00	4.400000e+00	1.940000e+01	1.940000e+01	3.780087e-12
696	2.800000e+00	4.400000e+00	1.980000e+01	1.980000e+01	4.174439e-12
697	3.000000e+00	4.400000e+00	2.020000e+01	2.020000e+01	4.312994e-12
698	3.200000e+00	4.400000e+00	2.060000e+01	2.060000e+01	4.174439e-12
699	3.400000e+00	4.400000e+00	2.100000e+01	2.100000e+01	3.772982e-12
700	3.600000e+00	4.400000e+00	2.140000e+01	2.140000e+01	3.151257e-12
701	3.800000e+00	4.400000e+00	2.180000e+01	2.180000e+01	2.373213e-12
702	4.000000e+00	4.400000e+00	2.220000e+01	2.220000e+01	1.541878e-12
703	4.200000e+00	4.400000e+00	2.260000e+01	2.260000e+01	8.171241e-13
704	4.400000e+00	4.400000e+00	2.300000e+01	2.300000e+01	3.872458e-13
705	4.600000e+00	4.400000e+00	2.340000e+01	2.340000e+01	1.776357e-13
706	4.800000e+00	4.400000e+00	2.380000e+01	2.380000e+01	7.815970e-14
707	5.000000e+00	4.400000e+00	2.420000e+01	2.420000e+01	3.197442e-14
708	5.200000e+00	4.400000e+00	2.460000e+01	2.460000e+01	0.000000e+00
709	5.400000e+00	4.400000e+00	2.500000e+01	2.500000e+01	0.000000e+00
710	5.600000e+00	4.400000e+00	2.540000e+01	2.540000e+01	0.000000e+00
711	5.800000e+00	4.400000e+00	2.580000e+01	2.580000e+01	0.000000e+00
712	6.000000e+00	4.400000e+00	2.620000e+01	2.620000e+01	0.000000e+00
713	0.000000e+00	4.600000e+00	1.480000e+01	1.480000e+01	0.000000e+00
714	2.000000e-01	4.600000e+00	1.520000e+01	1.520000e+01	0.000000e+00
715	4.000000e-01	4.600000e+00	1.560000e+01	1.560000e+01	0.000000e+00
716	6.000000e-01	4.600000e+00	1.600000e+01	1.600000e+01	0.000000e+00
717	8.000000e-01	4.600000e+00	1.640000e+01	1.640000e+01	0.000000e+00
718	1.000000e+00	4.600000e+00	1.680000e+01	1.680000e+01	2.131628e-14
719	1.200000e+00	4.600000e+00	1.720000e+01	1.720000e+01	7.105427e-14
720	1.400000e+00	4.600000e+00	1.760000e+01	1.760000e+01	1.527667e-13
721	1.600000e+00	4.600000e+00	1.800000e+01	1.800000e+01	3.268497e-13
722	1.800000e+00	4.600000e+00	1.840000e+01	1.840000e+01	6.359357e-13
723	2.000000e+00	4.600000e+00	1.880000e+01	1.880000e+01	1.108447e-12
724	2.200000e+00	4.600000e+00	1.920000e+01	1.920000e+01	1.666223e-12
725	2.400000e+00	4.600000e+00	1.960000e+01	1.960000e+01	2.188472e-12
726	2.600000e+00	4.600000e+00	2.000000e+01	2.000000e+01	2.611245e-12
727	2.800000e+00	4.600000e+00	2.040000e+01	2.040000e+01	2.877698e-12
728	3.000000e+00	4.600000e+00	2.080000e+01	2.080000e+01	2.970069e-12
729	3.200000e+00	4.600000e+00	2.120000e+01	2.120000e+01	2.874145e-12
730	3.400000e+00	4.600000e+00	2.160000e+01	2.160000e+01	2.604139e-12
731	3.600000e+00	4.600000e+00	2.200000e+01	2.200000e+01	2.181366e-12
732	3.800000e+00	4.600000e+00	2.240000e+01	2.240000e+01	1.662670e-12
733	4.000000e+00	4.600000e+00	2.280000e+01	2.280000e+01	1.111999e-12
734	4.200000e+00	4.600000e+00	2.320000e+01	2.320000e+01	6.359357e-13
735	4.400000e+00	4.600000e+00	2.360000e+01	2.360000e+01	3.232969e-13
736	4.600000e+00	4.600000e+00	2.400000e+01	2.400000e+01	1.563194e-13
737	4.800000e+00	4.600000e+00	2.440000e+01	2.440000e+01	7.105427e-14
738	5.000000e+00	4.600000e+00	2.480000e+01	2.480000e+01	2.842171e-14
739	5.200000e+00	4.600000e+00	2.520000e+01	2.520000e+01	0.000000e+00
740	5.400000e+00	4.600000e+00	2.560000e+01	2.560000e+01	0.000000e+00
741	5.600000e+00	4.600000e+00	2.600000e+01	2.600000e+01	0.000000e+00
742	5.800000e+00	4.600000e+00	2.640000e+01	2.640000e+01	0.000000e+00
743	6.000000e+00	4.600000e+00	2.680000e+01	2.680000e+01	0.000000e+00
744	0.000000e+00	4.800000e+00	1.540000e+01	1.540000e+01	0.000000e+00
745	2.000000e-01	4.800000e+00	1.580000e+01	1.580000e+01	0.000000e+00
746	4.000000e-01	4.800000e+00	1.620000e+01	1.620000e+01	0.000000e+00
747	6.000000e-01	4.800000e+00	1.660000e+01	1.660000e+01	0.000000e+00
748	8.000000e-01	4.800000e+00	1.700000e+01	1.700000e+01	0.000000e+00
749	1.000000e+00	4.800000e+00	1.740000e+01	1.740000e+01	2.486900e-14
750	1.200000e+00	4.800000e+00	1.780000e+01	1.780000e+01	6.039613e-14
751	1.400000e+00	4.800000e+00	1.820000e+01	1.820000e+01	1.314504e-13
752	1.600000e+00	4.800000e+00	1.860000e+01	1.860000e+01	2.593481e-13
753	1.800000e+00	4.800000e+00	1.900000e+01	1.900000e+01	4.831691e-13
754	2.000000e+00	4.800000e+00	1.940000e+01	1.940000e+01	8.029133e-13
755	2.200000e+00	4.800000e+00	1.980000e+01	1.980000e+01	1.168843e-12
756	2.400000e+00	4.800000e+00	2.020000e+01	2.020000e+01	1.524114e-12
757	2.600000e+00	4.800000e+00	2.060000e+01	2.060000e+01	1.804779e-12
758	2.800000e+00	4.800000e+00	2.100000e+01	2.100000e+01	1.989520e-12
759	3.000000e+00	4.800000e+00	2.140000e+01	2.140000e+01	2.046363e-12
760	3.200000e+00	4.800000e+00	2.180000e+01	2.180000e+01	1.978862e-12
761	3.400000e+00	4.800000e+00	2.220000e+01	2.220000e+01	1.794120e-12
762	3.600000e+00	4.800000e+00	2.260000e+01	2.260000e+01	1.509903e-12
763	3.800000e+00	4.800000e+00	2.300000e+01	2.300000e+01	1.165290e-12
764	4.000000e+00	4.800000e+00	2.340000e+01	2.340000e+01	8.029133e-13
765	4.200000e+00	4.800000e+00	2.380000e+01	2.380000e+01	4.831691e-13
766	4.400000e+00	4.800000e+00	2.420000e+01	2.420000e+01	2.593481e-13
767	4.600000e+00	4.800000e+00	2.460000e+01	2.460000e+01	1.314504e-13
768	4.800000e+00	4.800000e+00	2.500000e+01	2.500000e+01	6.039613e-14
769	5.000000e+00	4.800000e+00	2.540000e+01	2.540000e+01	2.486900e-14
770	5.200000e+00	4.800000e+00	2.580000e+01	2.580000e+01	0.000000e+00
771	5.400000e+00	4.800000e+00	2.620000e+01	2.620000e+01	0.000000e+00
772	5.600000e+00	4.800000e+00	2.660000e+01	2.660000e+01	0.000000e+00
773	5.800000e+00	4.800000e+00	2.700000e+01	2.700000e+01	0.000000e+00
774	6.000000e+00	4.800000e+00	2.740000e+01	2.740000e+01	0.000000e+00
775	0.000000e+00	5.000000e+00	1.600000e+01	1.600000e+01	0.000000e+00
776	2.000000e-01	5.000000e+00	1.640000e+01	1.640000e+01	0.000000e+00
777	4.000000e-01	5.000000e+00	1.680000e+01	1.680000e+01	0.000000e+00
778	6.000000e-01	5.000000e+00	1.720000e+01	1.720000e+01	0.000000e+00
779	8.000000e-01	5.000000e+00	1.760000e+01	1.760000e+01	0.000000e+00
780	1.000000e+00	5.000000e+00	1.800000e+01	1.800000e+01	2.486900e-14
781	1.200000e+00	5.000000e+00	1.840000e+01	1.840000e+01	5.684342e-14
782	1.400000e+00	5.000000e+00	1.880000e+01	1.880000e+01	1.101341e-13
783	1.600000e+00	5.000000e+00	1.920000e+01	1.920000e+01	2.060574e-13
784	1.800000e+00	5.000000e+00	1.960000e+01	1.960000e+01	3.623768e-13
785	2.000000e+00	5.000000e+00	2.000000e+01	2.000000e+01	5.790923e-13
786	2.200000e+00	5.000000e+00	2.040000e+01	2.040000e+01	8.206769e-13
787	2.400000e+00	5.000000e+00	2.080000e+01	2.080000e+01	1.062261e-12
788	2.600000e+00	5.000000e+00	2.120000e+01	2.120000e+01	1.250555e-12
789	2.800000e+00	5.000000e+00	2.160000e+01	2.160000e+01	1.374900e-12
790	3.000000e+00	5.000000e+00	2.200000e+01	2.200000e+01	1.413980e-12
791	3.200000e+00	5.000000e+00	2.240000e+01	2.240000e+01	1.364242e-12
792	3.400000e+00	5.000000e+00	2.280000e+01	2.280000e+01	1.243450e-12
793	3.600000e+00	5.000000e+00	2.320000e+01	2.320000e+01	1.048051e-12
794	3.800000e+00	5.000000e+00	2.360000e+01	2.360000e+01	8.171241e-13
795	4.000000e+00	5.000000e+00	2.400000e+01	2.400000e+01	5.790923e-13
796	4.200000e+00	5.000000e+00	2.440000e+01	2.440000e+01	3.623768e-13
797	4.400000e+00	5.000000e+00	2.480000e+01	2.480000e+01	2.025047e-13
798	4.600000e+00	5.000000e+00	2.520000e+01	2.520000e+01	1.065814e-13
799	4.800000e+00	5.000000e+00	2.560000e+01	2.560000e+01	5.684342e-14
800	5.000000e+00	5.000000e+00	2.600000e+01	2.600000e+01	2.131628e-14
801	5.200000e+00	5.000000e+00	2.640000e+01	2.640000e+01	0.000000e+00
802	5.400000e+00	5.000000e+00	2.680000e+01	2.680000e+01	0.000000e+00
803	5.600000e+00	5.000000e+00	2.720000e+01	2.720000e+01	0.000000e+00
804	5.800000e+00	5.000000e+00	2.760000e+01	2.760000e+01	0.000000e+00
805	6.000000e+00	5.000000e+00	2.800000e+01	2.800000e+01	0.000000e+00
