N	x	y	u	u*	|u - u*|
10	2	0	9.092974e-01	9.092974e-01	0.000000e+00
11	2.200000e+00	0.000000e+00	8.084964e-01	8.084964e-01	0.000000e+00
12	2.400000e+00	0.000000e+00	6.754632e-01	6.754632e-01	0.000000e+00
13	2.600000e+00	0.000000e+00	5.155014e-01	5.155014e-01	0.000000e+00
14	2.800000e+00	0.000000e+00	3.349882e-01	3.349882e-01	0.000000e+00
15	3.000000e+00	0.000000e+00	1.420312e-01	1.411200e-01	9.111812e-04
16	3.200000e+00	0.000000e+00	-5.837414e-02	-5.837414e-02	0.000000e+00
17	3.400000e+00	0.000000e+00	-2.555411e-01	-2.555411e-01	0.000000e+00
18	3.600000e+00	0.000000e+00	-4.425204e-01	-4.425204e-01	0.000000e+00
19	3.800000e+00	0.000000e+00	-6.118579e-01	-6.118579e-01	0.000000e+00
20	4.000000e+00	0.000000e+00	-7.568025e-01	-7.568025e-01	0.000000e+00
41	2.000000e+00	2.000000e-01	8.084964e-01	8.084964e-01	0.000000e+00
42	2.200000e+00	2.000000e-01	6.754632e-01	6.754632e-01	0.000000e+00
43	2.400000e+00	2.000000e-01	5.155014e-01	5.155014e-01	0.000000e+00
44	2.600000e+00	2.000000e-01	3.349882e-01	3.349882e-01	0.000000e+00
45	2.800000e+00	2.000000e-01	1.411200e-01	1.411200e-01	0.000000e+00
46	3.000000e+00	2.000000e-01	-5.750523e-02	-5.837414e-02	8.689150e-04
47	3.200000e+00	2.000000e-01	-2.555411e-01	-2.555411e-01	0.000000e+00
48	3.400000e+00	2.000000e-01	-4.425204e-01	-4.425204e-01	0.000000e+00
49	3.600000e+00	2.000000e-01	-6.118579e-01	-6.118579e-01	0.000000e+00
50	3.800000e+00	2.000000e-01	-7.568025e-01	-7.568025e-01	0.000000e+00
51	4.000000e+00	2.000000e-01	-8.715758e-01	-8.715758e-01	0.000000e+00
72	2.000000e+00	4.000000e-01	6.754632e-01	6.754632e-01	0.000000e+00
73	2.200000e+00	4.000000e-01	5.155014e-01	5.155014e-01	0.000000e+00
74	2.400000e+00	4.000000e-01	3.349882e-01	3.349882e-01	0.000000e+00
75	2.600000e+00	4.000000e-01	1.411200e-01	1.411200e-01	0.000000e+00
76	2.800000e+00	4.000000e-01	-5.837414e-02	-5.837414e-02	0.000000e+00
77	3.000000e+00	4.000000e-01	-2.547590e-01	-2.555411e-01	7.821470e-04
78	3.200000e+00	4.000000e-01	-4.425204e-01	-4.425204e-01	0.000000e+00
79	3.400000e+00	4.000000e-01	-6.118579e-01	-6.118579e-01	0.000000e+00
80	3.600000e+00	4.000000e-01	-7.568025e-01	-7.568025e-01	0.000000e+00
81	3.800000e+00	4.000000e-01	-8.715758e-01	-8.715758e-01	0.000000e+00
82	4.000000e+00	4.000000e-01	-9.516021e-01	-9.516021e-01	0.000000e+00
103	2.000000e+00	6.000000e-01	5.155014e-01	5.155014e-01	0.000000e+00
104	2.200000e+00	6.000000e-01	3.349882e-01	3.349882e-01	0.000000e+00
105	2.400000e+00	6.000000e-01	1.411200e-01	1.411200e-01	0.000000e+00
106	2.600000e+00	6.000000e-01	-5.837414e-02	-5.837414e-02	0.000000e+00
107	2.800000e+00	6.000000e-01	-2.555411e-01	-2.555411e-01	0.000000e+00
108	3.000000e+00	6.000000e-01	-4.418801e-01	-4.425204e-01	6.403339e-04
109	3.200000e+00	6.000000e-01	-6.118579e-01	-6.118579e-01	0.000000e+00
110	3.400000e+00	6.000000e-01	-7.568025e-01	-7.568025e-01	0.000000e+00
111	3.600000e+00	6.000000e-01	-8.715758e-01	-8.715758e-01	0.000000e+00
112	3.800000e+00	6.000000e-01	-9.516021e-01	-9.516021e-01	0.000000e+00
113	4.000000e+00	6.000000e-01	-9.936910e-01	-9.936910e-01	0.000000e+00
134	2.000000e+00	8.000000e-01	3.349882e-01	3.349882e-01	0.000000e+00
135	2.200000e+00	8.000000e-01	1.411200e-01	1.411200e-01	0.000000e+00
136	2.400000e+00	8.000000e-01	-5.837414e-02	-5.837414e-02	0.000000e+00
137	2.600000e+00	8.000000e-01	-2.555411e-01	-2.555411e-01	0.000000e+00
138	2.800000e+00	8.000000e-01	-4.425204e-01	-4.425204e-01	0.000000e+00
139	3.000000e+00	8.000000e-01	-6.114426e-01	-6.118579e-01	4.152434e-04
140	3.200000e+00	8.000000e-01	-7.568025e-01	-7.568025e-01	0.000000e+00
141	3.400000e+00	8.000000e-01	-8.715758e-01	-8.715758e-01	0.000000e+00
142	3.600000e+00	8.000000e-01	-9.516021e-01	-9.516021e-01	0.000000e+00
143	3.800000e+00	8.000000e-01	-9.936910e-01	-9.936910e-01	0.000000e+00
144	4.000000e+00	8.000000e-01	-9.961646e-01	-9.961646e-01	0.000000e+00
165	2.000000e+00	1.000000e+00	1.411200e-01	1.411200e-01	0.000000e+00
166	2.200000e+00	1.000000e+00	-5.837414e-02	-5.837414e-02	0.000000e+00
167	2.400000e+00	1.000000e+00	-2.555411e-01	-2.555411e-01	0.000000e+00
168	2.600000e+00	1.000000e+00	-4.425204e-01	-4.425204e-01	0.000000e+00
169	2.800000e+00	1.000000e+00	-6.118579e-01	-6.118579e-01	0.000000e+00
170	3.000000e+00	1.000000e+00	-7.567687e-01	-7.568025e-01	3.384511e-05
171	3.200000e+00	1.000000e+00	-8.715758e-01	-8.715758e-01	0.000000e+00
172	3.400000e+00	1.000000e+00	-9.516021e-01	-9.516021e-01	0.000000e+00
173	3.600000e+00	1.000000e+00	-9.936910e-01	-9.936910e-01	0.000000e+00
174	3.800000e+00	1.000000e+00	-9.961646e-01	-9.961646e-01	0.000000e+00
175	4.000000e+00	1.000000e+00	-9.589243e-01	-9.589243e-01	0.000000e+00
196	2.000000e+00	1.200000e+00	-5.837414e-02	-5.837414e-02	0.000000e+00
197	2.200000e+00	1.200000e+00	-2.555411e-01	-2.555411e-01	0.000000e+00
198	2.400000e+00	1.200000e+00	-4.425204e-01	-4.425204e-01	0.000000e+00
199	2.600000e+00	1.200000e+00	-6.118579e-01	-6.118579e-01	0.000000e+00
200	2.800000e+00	1.200000e+00	-7.568025e-01	-7.568025e-01	0.000000e+00
201	3.000000e+00	1.200000e+00	-8.716527e-01	-8.715758e-01	7.696408e-05
202	3.200000e+00	1.200000e+00	-9.516021e-01	-9.516021e-01	0.000000e+00
203	3.400000e+00	1.200000e+00	-9.936910e-01	-9.936910e-01	0.000000e+00
204	3.600000e+00	1.200000e+00	-9.961646e-01	-9.961646e-01	0.000000e+00
205	3.800000e+00	1.200000e+00	-9.589243e-01	-9.589243e-01	0.000000e+00
206	4.000000e+00	1.200000e+00	-8.834547e-01	-8.834547e-01	0.000000e+00
227	2.000000e+00	1.400000e+00	-2.555411e-01	-2.555411e-01	0.000000e+00
228	2.200000e+00	1.400000e+00	-4.425204e-01	-4.425204e-01	0.000000e+00
229	2.400000e+00	1.400000e+00	-6.118579e-01	-6.118579e-01	0.000000e+00
230	2.600000e+00	1.400000e+00	-7.568025e-01	-7.568025e-01	0.000000e+00
231	2.800000e+00	1.400000e+00	-8.715758e-01	-8.715758e-01	0.000000e+00
232	3.000000e+00	1.400000e+00	-9.517147e-01	-9.516021e-01	1.126695e-04
233	3.200000e+00	1.400000e+00	-9.936910e-01	-9.936910e-01	0.000000e+00
234	3.400000e+00	1.400000e+00	-9.961646e-01	-9.961646e-01	0.000000e+00
235	3.600000e+00	1.400000e+00	-9.589243e-01	-9.589243e-01	0.000000e+00
236	3.800000e+00	1.400000e+00	-8.834547e-01	-8.834547e-01	0.000000e+00
237	4.000000e+00	1.400000e+00	-7.727645e-01	-7.727645e-01	0.000000e+00
258	2.000000e+00	1.600000e+00	-4.425204e-01	-4.425204e-01	0.000000e+00
259	2.200000e+00	1.600000e+00	-6.118579e-01	-6.118579e-01	0.000000e+00
260	2.400000e+00	1.600000e+00	-7.568025e-01	-7.568025e-01	0.000000e+00
261	2.600000e+00	1.600000e+00	-8.715758e-01	-8.715758e-01	0.000000e+00
262	2.800000e+00	1.600000e+00	-9.516021e-01	-9.516021e-01	0.000000e+00
263	3.000000e+00	1.600000e+00	-9.938158e-01	-9.936910e-01	1.247981e-04
264	3.200000e+00	1.600000e+00	-9.961646e-01	-9.961646e-01	0.000000e+00
265	3.400000e+00	1.600000e+00	-9.589243e-01	-9.589243e-01	0.000000e+00
266	3.600000e+00	1.600000e+00	-8.834547e-01	-8.834547e-01	0.000000e+00
267	3.800000e+00	1.600000e+00	-7.727645e-01	-7.727645e-01	0.000000e+00
268	4.000000e+00	1.600000e+00	-6.312666e-01	-6.312666e-01	0.000000e+00
289	2.000000e+00	1.800000e+00	-6.118579e-01	-6.118579e-01	0.000000e+00
290	2.200000e+00	1.800000e+00	-7.568025e-01	-7.568025e-01	0.000000e+00
291	2.400000e+00	1.800000e+00	-8.715758e-01	-8.715758e-01	0.000000e+00
292	2.600000e+00	1.800000e+00	-9.516021e-01	-9.516021e-01	0.000000e+00
293	2.800000e+00	1.800000e+00	-9.936910e-01	-9.936910e-01	0.000000e+00
294	3.000000e+00	1.800000e+00	-9.962915e-01	-9.961646e-01	1.268837e-04
295	3.200000e+00	1.800000e+00	-9.589243e-01	-9.589243e-01	0.000000e+00
296	3.400000e+00	1.800000e+00	-8.834547e-01	-8.834547e-01	0.000000e+00
297	3.600000e+00	1.800000e+00	-7.727645e-01	-7.727645e-01	0.000000e+00
298	3.800000e+00	1.800000e+00	-6.312666e-01	-6.312666e-01	0.000000e+00
299	4.000000e+00	1.800000e+00	-4.646022e-01	-4.646022e-01	0.000000e+00
320	2.000000e+00	2.000000e+00	-7.568025e-01	-7.568025e-01	0.000000e+00
321	2.200000e+00	2.000000e+00	-8.715758e-01	-8.715758e-01	0.000000e+00
322	2.400000e+00	2.000000e+00	-9.516021e-01	-9.516021e-01	0.000000e+00
323	2.600000e+00	2.000000e+00	-9.936910e-01	-9.936910e-01	0.000000e+00
324	2.800000e+00	2.000000e+00	-9.961646e-01	-9.961646e-01	0.000000e+00
325	3.000000e+00	2.000000e+00	-9.590468e-01	-9.589243e-01	1.225222e-04
326	3.200000e+00	2.000000e+00	-8.834547e-01	-8.834547e-01	0.000000e+00
327	3.400000e+00	2.000000e+00	-7.727645e-01	-7.727645e-01	0.000000e+00
328	3.600000e+00	2.000000e+00	-6.312666e-01	-6.312666e-01	0.000000e+00
329	3.800000e+00	2.000000e+00	-4.646022e-01	-4.646022e-01	0.000000e+00
330	4.000000e+00	2.000000e+00	-2.794155e-01	-2.794155e-01	0.000000e+00
351	2.000000e+00	2.200000e+00	-8.715758e-01	-8.715758e-01	0.000000e+00
352	2.200000e+00	2.200000e+00	-9.516021e-01	-9.516021e-01	0.000000e+00
353	2.400000e+00	2.200000e+00	-9.936910e-01	-9.936910e-01	0.000000e+00
354	2.600000e+00	2.200000e+00	-9.961646e-01	-9.961646e-01	0.000000e+00
355	2.800000e+00	2.200000e+00	-9.589243e-01	-9.589243e-01	0.000000e+00
356	3.000000e+00	2.200000e+00	-8.835674e-01	-8.834547e-01	1.127335e-04
357	3.200000e+00	2.200000e+00	-7.727645e-01	-7.727645e-01	0.000000e+00
358	3.400000e+00	2.200000e+00	-6.312666e-01	-6.312666e-01	0.000000e+00
359	3.600000e+00	2.200000e+00	-4.646022e-01	-4.646022e-01	0.000000e+00
360	3.800000e+00	2.200000e+00	-2.794155e-01	-2.794155e-01	0.000000e+00
361	4.000000e+00	2.200000e+00	-8.308940e-02	-8.308940e-02	0.000000e+00
382	2.000000e+00	2.400000e+00	-9.516021e-01	-9.516021e-01	0.000000e+00
383	2.200000e+00	2.400000e+00	-9.936910e-01	-9.936910e-01	0.000000e+00
384	2.400000e+00	2.400000e+00	-9.961646e-01	-9.961646e-01	0.000000e+00
385	2.600000e+00	2.400000e+00	-9.589243e-01	-9.589243e-01	0.000000e+00
386	2.800000e+00	2.400000e+00	-8.834547e-01	-8.834547e-01	0.000000e+00
387	3.000000e+00	2.400000e+00	-7.728621e-01	-7.727645e-01	9.764704e-05
388	3.200000e+00	2.400000e+00	-6.312666e-01	-6.312666e-01	0.000000e+00
389	3.400000e+00	2.400000e+00	-4.646022e-01	-4.646022e-01	0.000000e+00
390	3.600000e+00	2.400000e+00	-2.794155e-01	-2.794155e-01	0.000000e+00
391	3.800000e+00	2.400000e+00	-8.308940e-02	-8.308940e-02	0.000000e+00
392	4.000000e+00	2.400000e+00	1.165492e-01	1.165492e-01	0.000000e+00
413	2.000000e+00	2.600000e+00	-9.936910e-01	-9.936910e-01	0.000000e+00
414	2.200000e+00	2.600000e+00	-9.961646e-01	-9.961646e-01	0.000000e+00
415	2.400000e+00	2.600000e+00	-9.589243e-01	-9.589243e-01	0.000000e+00
416	2.600000e+00	2.600000e+00	-8.834547e-01	-8.834547e-01	0.000000e+00
417	2.800000e+00	2.600000e+00	-7.727645e-01	-7.727645e-01	0.000000e+00
418	3.000000e+00	2.600000e+00	-6.313426e-01	-6.312666e-01	7.596461e-05
419	3.200000e+00	2.600000e+00	-4.646022e-01	-4.646022e-01	0.000000e+00
420	3.400000e+00	2.600000e+00	-2.794155e-01	-2.794155e-01	0.000000e+00
421	3.600000e+00	2.600000e+00	-8.308940e-02	-8.308940e-02	0.000000e+00
422	3.800000e+00	2.600000e+00	1.165492e-01	1.165492e-01	0.000000e+00
423	4.000000e+00	2.600000e+00	3.115414e-01	3.115414e-01	0.000000e+00
444	2.000000e+00	2.800000e+00	-9.961646e-01	-9.961646e-01	0.000000e+00
445	2.200000e+00	2.800000e+00	-9.589243e-01	-9.589243e-01	0.000000e+00
446	2.400000e+00	2.800000e+00	-8.834547e-01	-8.834547e-01	0.000000e+00
447	2.600000e+00	2.800000e+00	-7.727645e-01	-7.727645e-01	0.000000e+00
448	2.800000e+00	2.800000e+00	-6.312666e-01	-6.312666e-01	0.000000e+00
449	3.000000e+00	2.800000e+00	-4.646433e-01	-4.646022e-01	4.113649e-05
450	3.200000e+00	2.800000e+00	-2.794155e-01	-2.794155e-01	0.000000e+00
451	3.400000e+00	2.800000e+00	-8.308940e-02	-8.308940e-02	0.000000e+00
452	3.600000e+00	2.800000e+00	1.165492e-01	1.165492e-01	0.000000e+00
453	3.800000e+00	2.800000e+00	3.115414e-01	3.115414e-01	0.000000e+00
454	4.000000e+00	2.800000e+00	4.941134e-01	4.941134e-01	0.000000e+00
465	0.000000e+00	3.000000e+00	1.411200e-01	1.411200e-01	0.000000e+00
466	2.000000e-01	3.000000e+00	-5.837414e-02	-5.837414e-02	0.000000e+00
467	4.000000e-01	3.000000e+00	-2.555411e-01	-2.555411e-01	0.000000e+00
468	6.000000e-01	3.000000e+00	-4.425204e-01	-4.425204e-01	0.000000e+00
469	8.000000e-01	3.000000e+00	-6.118579e-01	-6.118579e-01	0.000000e+00
470	1.000000e+00	3.000000e+00	-7.568025e-01	-7.568025e-01	0.000000e+00
471	1.200000e+00	3.000000e+00	-8.715758e-01	-8.715758e-01	0.000000e+00
472	1.400000e+00	3.000000e+00	-9.516021e-01	-9.516021e-01	0.000000e+00
473	1.600000e+00	3.000000e+00	-9.936910e-01	-9.936910e-01	0.000000e+00
474	1.800000e+00	3.000000e+00	-9.961646e-01	-9.961646e-01	0.000000e+00
475	2.000000e+00	3.000000e+00	-9.589243e-01	-9.589243e-01	0.000000e+00
476	2.200000e+00	3.000000e+00	-8.834547e-01	-8.834547e-01	0.000000e+00
477	2.400000e+00	3.000000e+00	-7.727645e-01	-7.727645e-01	0.000000e+00
478	2.600000e+00	3.000000e+00	-6.312666e-01	-6.312666e-01	0.000000e+00
479	2.800000e+00	3.000000e+00	-4.646022e-01	-4.646022e-01	0.000000e+00
480	3.000000e+00	3.000000e+00	-2.793820e-01	-2.794155e-01	3.350205e-05
481	3.200000e+00	3.000000e+00	-8.308940e-02	-8.308940e-02	0.000000e+00
482	3.400000e+00	3.000000e+00	1.165492e-01	1.165492e-01	0.000000e+00
483	3.600000e+00	3.000000e+00	3.115414e-01	3.115414e-01	0.000000e+00
484	3.800000e+00	3.000000e+00	4.941134e-01	4.941134e-01	0.000000e+00
485	4.000000e+00	3.000000e+00	6.569866e-01	6.569866e-01	0.000000e+00
486	4.200000e+00	3.000000e+00	7.936679e-01	7.936679e-01	0.000000e+00
487	4.400000e+00	3.000000e+00	8.987081e-01	8.987081e-01	0.000000e+00
488	4.600000e+00	3.000000e+00	9.679197e-01	9.679197e-01	0.000000e+00
489	4.800000e+00	3.000000e+00	9.985433e-01	9.985433e-01	0.000000e+00
490	5.000000e+00	3.000000e+00	9.893582e-01	9.893582e-01	0.000000e+00
491	5.200000e+00	3.000000e+00	9.407306e-01	9.407306e-01	0.000000e+00
492	5.400000e+00	3.000000e+00	8.545989e-01	8.545989e-01	0.000000e+00
493	5.600000e+00	3.000000e+00	7.343971e-01	7.343971e-01	0.000000e+00
494	5.800000e+00	3.000000e+00	5.849172e-01	5.849172e-01	0.000000e+00
495	6.000000e+00	3.000000e+00	4.121185e-01	4.121185e-01	0.000000e+00
496	0.000000e+00	3.200000e+00	-5.837414e-02	-5.837414e-02	0.000000e+00
497	2.000000e-01	3.200000e+00	-2.555411e-01	-2.555411e-01	0.000000e+00
498	4.000000e-01	3.200000e+00	-4.425204e-01	-4.425204e-01	0.000000e+00
499	6.000000e-01	3.200000e+00	-6.118579e-01	-6.118579e-01	0.000000e+00
500	8.000000e-01	3.200000e+00	-7.568025e-01	-7.568025e-01	0.000000e+00
501	1.000000e+00	3.200000e+00	-8.715758e-01	-8.715758e-01	0.000000e+00
502	1.200000e+00	3.200000e+00	-9.516021e-01	-9.516021e-01	0.000000e+00
503	1.400000e+00	3.200000e+00	-9.936910e-01	-9.936910e-01	0.000000e+00
504	1.600000e+00	3.200000e+00	-9.961646e-01	-9.961646e-01	0.000000e+00
505	1.800000e+00	3.200000e+00	-9.589243e-01	-9.589243e-01	0.000000e+00
506	2.000000e+00	3.200000e+00	-8.835380e-01	-8.834547e-01	8.331566e-05
507	2.200000e+00	3.200000e+00	-7.728274e-01	-7.727645e-01	6.289158e-05
508	2.400000e+00	3.200000e+00	-6.312656e-01	-6.312666e-01	1.012080e-06
509	2.600000e+00	3.200000e+00	-4.645202e-01	-4.646022e-01	8.194183e-05
510	2.800000e+00	3.200000e+00	-2.792485e-01	-2.794155e-01	1.670355e-04
511	3.000000e+00	3.200000e+00	-8.283851e-02	-8.308940e-02	2.508963e-04
512	3.200000e+00	3.200000e+00	1.168554e-01	1.165492e-01	3.061637e-04
513	3.400000e+00	3.200000e+00	3.118869e-01	3.115414e-01	3.454922e-04
514	3.600000e+00	3.200000e+00	4.944694e-01	4.941134e-01	3.560841e-04
515	3.800000e+00	3.200000e+00	6.573096e-01	6.569866e-01	3.229702e-04
516	4.000000e+00	3.200000e+00	7.938890e-01	7.936679e-01	2.211292e-04
517	4.200000e+00	3.200000e+00	8.987081e-01	8.987081e-01	0.000000e+00
518	4.400000e+00	3.200000e+00	9.679197e-01	9.679197e-01	0.000000e+00
519	4.600000e+00	3.200000e+00	9.985433e-01	9.985433e-01	0.000000e+00
520	4.800000e+00	3.200000e+00	9.893582e-01	9.893582e-01	0.000000e+00
521	5.000000e+00	3.200000e+00	9.407306e-01	9.407306e-01	0.000000e+00
522	5.200000e+00	3.200000e+00	8.545989e-01	8.545989e-01	0.000000e+00
523	5.400000e+00	3.200000e+00	7.343971e-01	7.343971e-01	0.000000e+00
524	5.600000e+00	3.200000e+00	5.849172e-01	5.849172e-01	0.000000e+00
525	5.800000e+00	3.200000e+00	4.121185e-01	4.121185e-01	0.000000e+00
526	6.000000e+00	3.200000e+00	2.228899e-01	2.228899e-01	0.000000e+00
527	0.000000e+00	3.400000e+00	-2.555411e-01	-2.555411e-01	0.000000e+00
528	2.000000e-01	3.400000e+00	-4.425204e-01	-4.425204e-01	0.000000e+00
529	4.000000e-01	3.400000e+00	-6.118579e-01	-6.118579e-01	0.000000e+00
530	6.000000e-01	3.400000e+00	-7.568025e-01	-7.568025e-01	0.000000e+00
531	8.000000e-01	3.400000e+00	-8.715758e-01	-8.715758e-01	0.000000e+00
532	1.000000e+00	3.400000e+00	-9.516021e-01	-9.516021e-01	0.000000e+00
533	1.200000e+00	3.400000e+00	-9.936910e-01	-9.936910e-01	0.000000e+00
534	1.400000e+00	3.400000e+00	-9.961646e-01	-9.961646e-01	0.000000e+00
535	1.600000e+00	3.400000e+00	-9.589243e-01	-9.589243e-01	0.000000e+00
536	1.800000e+00	3.400000e+00	-8.834547e-01	-8.834547e-01	0.000000e+00
537	2.000000e+00	3.400000e+00	-7.728029e-01	-7.727645e-01	3.842966e-05
538	2.200000e+00	3.400000e+00	-6.312326e-01	-6.312666e-01	3.401757e-05
539	2.400000e+00	3.400000e+00	-4.644490e-01	-4.646022e-01	1.531520e-04
540	2.600000e+00	3.400000e+00	-2.791288e-01	-2.794155e-01	2.867263e-04
541	2.800000e+00	3.400000e+00	-8.267301e-02	-8.308940e-02	4.163968e-04
542	3.000000e+00	3.400000e+00	1.170783e-01	1.165492e-01	5.290474e-04
543	3.200000e+00	3.400000e+00	3.121508e-01	3.115414e-01	6.094745e-04
544	3.400000e+00	3.400000e+00	4.947639e-01	4.941134e-01	6.505735e-04
545	3.600000e+00	3.400000e+00	6.576251e-01	6.569866e-01	6.385295e-04
546	3.800000e+00	3.400000e+00	7.942205e-01	7.936679e-01	5.526234e-04
547	4.000000e+00	3.400000e+00	8.990671e-01	8.987081e-01	3.590289e-04
548	4.200000e+00	3.400000e+00	9.679197e-01	9.679197e-01	0.000000e+00
549	4.400000e+00	3.400000e+00	9.985433e-01	9.985433e-01	0.000000e+00
550	4.600000e+00	3.400000e+00	9.893582e-01	9.893582e-01	0.000000e+00
551	4.800000e+00	3.400000e+00	9.407306e-01	9.407306e-01	0.000000e+00
552	5.000000e+00	3.400000e+00	8.545989e-01	8.545989e-01	0.000000e+00
553	5.200000e+00	3.400000e+00	7.343971e-01	7.343971e-01	0.000000e+00
554	5.400000e+00	3.400000e+00	5.849172e-01	5.849172e-01	0.000000e+00
555	5.600000e+00	3.400000e+00	4.121185e-01	4.121185e-01	0.000000e+00
556	5.800000e+00	3.400000e+00	2.228899e-01	2.228899e-01	0.000000e+00
557	6.000000e+00	3.400000e+00	2.477543e-02	2.477543e-02	0.000000e+00
558	0.000000e+00	3.600000e+00	-4.425204e-01	-4.425204e-01	0.000000e+00
559	2.000000e-01	3.600000e+00	-6.118579e-01	-6.118579e-01	0.000000e+00
560	4.000000e-01	3.600000e+00	-7.568025e-01	-7.568025e-01	0.000000e+00
561	6.000000e-01	3.600000e+00	-8.715758e-01	-8.715758e-01	0.000000e+00
562	8.000000e-01	3.600000e+00	-9.516021e-01	-9.516021e-01	0.000000e+00
563	1.000000e+00	3.600000e+00	-9.936910e-01	-9.936910e-01	0.000000e+00
564	1.200000e+00	3.600000e+00	-9.961646e-01	-9.961646e-01	0.000000e+00
565	1.400000e+00	3.600000e+00	-9.589243e-01	-9.589243e-01	0.000000e+00
566	1.600000e+00	3.600000e+00	-8.834547e-01	-8.834547e-01	0.000000e+00
567	1.800000e+00	3.600000e+00	-7.727645e-01	-7.727645e-01	0.000000e+00
568	2.000000e+00	3.600000e+00	-6.311668e-01	-6.312666e-01	9.983821e-05
569	2.200000e+00	3.600000e+00	-4.643485e-01	-4.646022e-01	2.537137e-04
570	2.400000e+00	3.600000e+00	-2.789948e-01	-2.794155e-01	4.207071e-04
571	2.600000e+00	3.600000e+00	-8.250811e-02	-8.308940e-02	5.812950e-04
572	2.800000e+00	3.600000e+00	1.172708e-01	1.165492e-01	7.215615e-04
573	3.000000e+00	3.600000e+00	3.123709e-01	3.115414e-01	8.295455e-04
574	3.200000e+00	3.600000e+00	4.950069e-01	4.941134e-01	8.935253e-04
575	3.400000e+00	3.600000e+00	6.578898e-01	6.569866e-01	9.032327e-04
576	3.600000e+00	3.600000e+00	7.945133e-01	7.936679e-01	8.454152e-04
577	3.800000e+00	3.600000e+00	8.994088e-01	8.987081e-01	7.007071e-04
578	4.000000e+00	3.600000e+00	9.683571e-01	9.679197e-01	4.373881e-04
579	4.200000e+00	3.600000e+00	9.985433e-01	9.985433e-01	0.000000e+00
580	4.400000e+00	3.600000e+00	9.893582e-01	9.893582e-01	0.000000e+00
581	4.600000e+00	3.600000e+00	9.407306e-01	9.407306e-01	0.000000e+00
582	4.800000e+00	3.600000e+00	8.545989e-01	8.545989e-01	0.000000e+00
583	5.000000e+00	3.600000e+00	7.343971e-01	7.343971e-01	0.000000e+00
584	5.200000e+00	3.600000e+00	5.849172e-01	5.849172e-01	0.000000e+00
585	5.400000e+00	3.600000e+00	4.121185e-01	4.121185e-01	0.000000e+00
586	5.600000e+00	3.600000e+00	2.228899e-01	2.228899e-01	0.000000e+00
587	5.800000e+00	3.600000e+00	2.477543e-02	2.477543e-02	0.000000e+00
588	6.000000e+00	3.600000e+00	-1.743268e-01	-1.743268e-01	0.000000e+00
589	0.000000e+00	3.800000e+00	-6.118579e-01	-6.118579e-01	0.000000e+00
590	2.000000e-01	3.800000e+00	-7.568025e-01	-7.568025e-01	0.000000e+00
591	4.000000e-01	3.800000e+00	-8.715758e-01	-8.715758e-01	0.000000e+00
592	6.000000e-01	3.800000e+00	-9.516021e-01	-9.516021e-01	0.000000e+00
593	8.000000e-01	3.800000e+00	-9.936910e-01	-9.936910e-01	0.000000e+00
594	1.000000e+00	3.800000e+00	-9.961646e-01	-9.961646e-01	0.000000e+00
595	1.200000e+00	3.800000e+00	-9.589243e-01	-9.589243e-01	0.000000e+00
596	1.400000e+00	3.800000e+00	-8.834547e-01	-8.834547e-01	0.000000e+00
597	1.600000e+00	3.800000e+00	-7.727645e-01	-7.727645e-01	0.000000e+00
598	1.800000e+00	3.800000e+00	-6.312666e-01	-6.312666e-01	0.000000e+00
599	2.000000e+00	3.800000e+00	-4.642460e-01	-4.646022e-01	3.561758e-04
600	2.200000e+00	3.800000e+00	-2.788213e-01	-2.794155e-01	5.941692e-04
601	2.400000e+00	3.800000e+00	-8.230350e-02	-8.308940e-02	7.859075e-04
602	2.600000e+00	3.800000e+00	1.174908e-01	1.165492e-01	9.415647e-04
603	2.800000e+00	3.800000e+00	3.125982e-01	3.115414e-01	1.056833e-03
604	3.000000e+00	3.800000e+00	4.952376e-01	4.941134e-01	1.124263e-03
605	3.200000e+00	3.800000e+00	6.581226e-01	6.569866e-01	1.136002e-03
606	3.400000e+00	3.800000e+00	7.947524e-01	7.936679e-01	1.084583e-03
607	3.600000e+00	3.800000e+00	8.996697e-01	8.987081e-01	9.616454e-04
608	3.800000e+00	3.800000e+00	9.686758e-01	9.679197e-01	7.560940e-04
609	4.000000e+00	3.800000e+00	9.989929e-01	9.985433e-01	4.495437e-04
610	4.200000e+00	3.800000e+00	9.893582e-01	9.893582e-01	0.000000e+00
611	4.400000e+00	3.800000e+00	9.407306e-01	9.407306e-01	0.000000e+00
612	4.600000e+00	3.800000e+00	8.545989e-01	8.545989e-01	0.000000e+00
613	4.800000e+00	3.800000e+00	7.343971e-01	7.343971e-01	0.000000e+00
614	5.000000e+00	3.800000e+00	5.849172e-01	5.849172e-01	0.000000e+00
615	5.200000e+00	3.800000e+00	4.121185e-01	4.121185e-01	0.000000e+00
616	5.400000e+00	3.800000e+00	2.228899e-01	2.228899e-01	0.000000e+00
617	5.600000e+00	3.800000e+00	2.477543e-02	2.477543e-02	0.000000e+00
618	5.800000e+00	3.800000e+00	-1.743268e-01	-1.743268e-01	0.000000e+00
619	6.000000e+00	3.800000e+00	-3.664791e-01	-3.664791e-01	0.000000e+00
620	0.000000e+00	4.000000e+00	-7.568025e-01	-7.568025e-01	0.000000e+00
621	2.000000e-01	4.000000e+00	-8.715758e-01	-8.715758e-01	0.000000e+00
622	4.000000e-01	4.000000e+00	-9.516021e-01	-9.516021e-01	0.000000e+00
623	6.000000e-01	4.000000e+00	-9.936910e-01	-9.936910e-01	0.000000e+00
624	8.000000e-01	4.000000e+00	-9.961646e-01	-9.961646e-01	0.000000e+00
625	1.000000e+00	4.000000e+00	-9.588420e-01	-9.589243e-01	8.223657e-05
626	1.200000e+00	4.000000e+00	-8.832457e-01	-8.834547e-01	2.089394e-04
627	1.400000e+00	4.000000e+00	-7.724240e-01	-7.727645e-01	3.404767e-04
628	1.600000e+00	4.000000e+00	-6.307927e-01	-6.312666e-01	4.739541e-04
629	1.800000e+00	4.000000e+00	-4.639746e-01	-4.646022e-01	6.275780e-04
630	2.000000e+00	4.000000e+00	-2.785468e-01	-2.794155e-01	8.686717e-04
631	2.200000e+00	4.000000e+00	-8.201034e-02	-8.308940e-02	1.079058e-03
632	2.400000e+00	4.000000e+00	1.177900e-01	1.165492e-01	1.240753e-03
633	2.600000e+00	4.000000e+00	3.128902e-01	3.115414e-01	1.348847e-03
634	2.800000e+00	4.000000e+00	4.955126e-01	4.941134e-01	1.399249e-03
635	3.000000e+00	4.000000e+00	6.583747e-01	6.569866e-01	1.388053e-03
636	3.200000e+00	4.000000e+00	7.949800e-01	7.936679e-01	1.312112e-03
637	3.400000e+00	4.000000e+00	8.998776e-01	8.987081e-01	1.169473e-03
638	3.600000e+00	4.000000e+00	9.688793e-01	9.679197e-01	9.596189e-04
639	3.800000e+00	4.000000e+00	9.992283e-01	9.985433e-01	6.849554e-04
640	4.000000e+00	4.000000e+00	9.897150e-01	9.893582e-01	3.567510e-04
641	4.200000e+00	4.000000e+00	9.407475e-01	9.407306e-01	1.692963e-05
642	4.400000e+00	4.000000e+00	8.544227e-01	8.545989e-01	1.762469e-04
643	4.600000e+00	4.000000e+00	7.341015e-01	7.343971e-01	2.955864e-04
644	4.800000e+00	4.000000e+00	5.845769e-01	5.849172e-01	3.402604e-04
645	5.000000e+00	4.000000e+00	4.118552e-01	4.121185e-01	2.633197e-04
646	5.200000e+00	4.000000e+00	2.228899e-01	2.228899e-01	0.000000e+00
647	5.400000e+00	4.000000e+00	2.477543e-02	2.477543e-02	0.000000e+00
648	5.600000e+00	4.000000e+00	-1.743268e-01	-1.743268e-01	0.000000e+00
649	5.800000e+00	4.000000e+00	-3.664791e-01	-3.664791e-01	0.000000e+00
650	6.000000e+00	4.000000e+00	-5.440211e-01	-5.440211e-01	0.000000e+00
651	0.000000e+00	4.200000e+00	-8.715758e-01	-8.715758e-01	0.000000e+00
652	2.000000e-01	4.200000e+00	-9.516021e-01	-9.516021e-01	0.000000e+00
653	4.000000e-01	4.200000e+00	-9.936910e-01	-9.936910e-01	0.000000e+00
654	6.000000e-01	4.200000e+00	-9.961646e-01	-9.961646e-01	0.000000e+00
655	8.000000e-01	4.200000e+00	-9.589243e-01	-9.589243e-01	0.000000e+00
656	1.000000e+00	4.200000e+00	-8.830760e-01	-8.834547e-01	3.786687e-04
657	1.200000e+00	4.200000e+00	-7.721078e-01	-7.727645e-01	6.566761e-04
658	1.400000e+00	4.200000e+00	-6.303682e-01	-6.312666e-01	8.984282e-04
659	1.600000e+00	4.200000e+00	-4.634873e-01	-4.646022e-01	1.114833e-03
660	1.800000e+00	4.200000e+00	-2.780990e-01	-2.794155e-01	1.316518e-03
661	2.000000e+00	4.200000e+00	-8.156837e-02	-8.308940e-02	1.521033e-03
662	2.200000e+00	4.200000e+00	1.182271e-01	1.165492e-01	1.677930e-03
663	2.400000e+00	4.200000e+00	3.133092e-01	3.115414e-01	1.767790e-03
664	2.600000e+00	4.200000e+00	4.958982e-01	4.941134e-01	1.784810e-03
665	2.800000e+00	4.200000e+00	6.587142e-01	6.569866e-01	1.727646e-03
666	3.000000e+00	4.200000e+00	7.952650e-01	7.936679e-01	1.597146e-03
667	3.200000e+00	4.200000e+00	9.001041e-01	8.987081e-01	1.396044e-03
668	3.400000e+00	4.200000e+00	9.690487e-01	9.679197e-01	1.129022e-03
669	3.600000e+00	4.200000e+00	9.993464e-01	9.985433e-01	8.030184e-04
670	3.800000e+00	4.200000e+00	9.897871e-01	9.893582e-01	4.288326e-04
671	4.000000e+00	4.200000e+00	9.407569e-01	9.407306e-01	2.636782e-05
672	4.200000e+00	4.200000e+00	8.542363e-01	8.545989e-01	3.626356e-04
673	4.400000e+00	4.200000e+00	7.337361e-01	7.343971e-01	6.609700e-04
674	4.600000e+00	4.200000e+00	5.840440e-01	5.849172e-01	8.732400e-04
675	4.800000e+00	4.200000e+00	4.111470e-01	4.121185e-01	9.715161e-04
676	5.000000e+00	4.200000e+00	2.220566e-01	2.228899e-01	8.333029e-04
677	5.200000e+00	4.200000e+00	2.477543e-02	2.477543e-02	0.000000e+00
678	5.400000e+00	4.200000e+00	-1.743268e-01	-1.743268e-01	0.000000e+00
679	5.600000e+00	4.200000e+00	-3.664791e-01	-3.664791e-01	0.000000e+00
680	5.800000e+00	4.200000e+00	-5.440211e-01	-5.440211e-01	0.000000e+00
681	6.000000e+00	4.200000e+00	-6.998747e-01	-6.998747e-01	0.000000e+00
682	0.000000e+00	4.400000e+00	-9.516021e-01	-9.516021e-01	0.000000e+00
683	2.000000e-01	4.400000e+00	-9.936910e-01	-9.936910e-01	0.000000e+00
684	4.000000e-01	4.400000e+00	-9.961646e-01	-9.961646e-01	0.000000e+00
685	6.000000e-01	4.400000e+00	-9.589243e-01	-9.589243e-01	0.000000e+00
686	8.000000e-01	4.400000e+00	-8.834547e-01	-8.834547e-01	0.000000e+00
687	1.000000e+00	4.400000e+00	-7.720755e-01	-7.727645e-01	6.890356e-04
688	1.200000e+00	4.400000e+00	-6.301724e-01	-6.312666e-01	1.094258e-03
689	1.400000e+00	4.400000e+00	-4.632043e-01	-4.646022e-01	1.397892e-03
690	1.600000e+00	4.400000e+00	-2.777738e-01	-2.794155e-01	1.641746e-03
691	1.800000e+00	4.400000e+00	-8.125184e-02	-8.308940e-02	1.837564e-03
692	2.000000e+00	4.400000e+00	1.185382e-01	1.165492e-01	1.989018e-03
693	2.200000e+00	4.400000e+00	3.136143e-01	3.115414e-01	2.072976e-03
694	2.400000e+00	4.400000e+00	4.961898e-01	4.941134e-01	2.076471e-03
695	2.600000e+00	4.400000e+00	6.589828e-01	6.569866e-01	1.996215e-03
696	2.800000e+00	4.400000e+00	7.955021e-01	7.936679e-01	1.834237e-03
697	3.000000e+00	4.400000e+00	9.003039e-01	8.987081e-01	1.595809e-03
698	3.200000e+00	4.400000e+00	9.692084e-01	9.679197e-01	1.288728e-03
699	3.400000e+00	4.400000e+00	9.994664e-01	9.985433e-01	9.230924e-04
700	3.600000e+00	4.400000e+00	9.898697e-01	9.893582e-01	5.114790e-04
701	3.800000e+00	4.400000e+00	9.408007e-01	9.407306e-01	7.017647e-05
702	4.000000e+00	4.400000e+00	8.542215e-01	8.545989e-01	3.774113e-04
703	4.200000e+00	4.400000e+00	7.336019e-01	7.343971e-01	7.951695e-04
704	4.400000e+00	4.400000e+00	5.837820e-01	5.849172e-01	1.135212e-03
705	4.600000e+00	4.400000e+00	4.107440e-01	4.121185e-01	1.374495e-03
706	4.800000e+00	4.400000e+00	2.214341e-01	2.228899e-01	1.455787e-03
707	5.000000e+00	4.400000e+00	2.358197e-02	2.477543e-02	1.193454e-03
708	5.200000e+00	4.400000e+00	-1.743268e-01	-1.743268e-01	0.000000e+00
709	5.400000e+00	4.400000e+00	-3.664791e-01	-3.664791e-01	0.000000e+00
710	5.600000e+00	4.400000e+00	-5.440211e-01	-5.440211e-01	0.000000e+00
711	5.800000e+00	4.400000e+00	-6.998747e-01	-6.998747e-01	0.000000e+00
712	6.000000e+00	4.400000e+00	-8.278265e-01	-8.278265e-01	0.000000e+00
713	0.000000e+00	4.600000e+00	-9.936910e-01	-9.936910e-01	0.000000e+00
714	2.000000e-01	4.600000e+00	-9.961646e-01	-9.961646e-01	0.000000e+00
715	4.000000e-01	4.600000e+00	-9.589243e-01	-9.589243e-01	0.000000e+00
716	6.000000e-01	4.600000e+00	-8.834547e-01	-8.834547e-01	0.000000e+00
717	8.000000e-01	4.600000e+00	-7.727645e-01	-7.727645e-01	0.000000e+00
718	1.000000e+00	4.600000e+00	-6.302816e-01	-6.312666e-01	9.850840e-04
719	1.200000e+00	4.600000e+00	-4.631084e-01	-4.646022e-01	1.493806e-03
720	1.400000e+00	4.600000e+00	-2.775920e-01	-2.794155e-01	1.823481e-03
721	1.600000e+00	4.600000e+00	-8.103427e-02	-8.308940e-02	2.055131e-03
722	1.800000e+00	4.600000e+00	1.187591e-01	1.165492e-01	2.209855e-03
723	2.000000e+00	4.600000e+00	3.138326e-01	3.115414e-01	2.291200e-03
724	2.200000e+00	4.600000e+00	4.964030e-01	4.941134e-01	2.289661e-03
725	2.400000e+00	4.600000e+00	6.591861e-01	6.569866e-01	2.199457e-03
726	2.600000e+00	4.600000e+00	7.956893e-01	7.936679e-01	2.021416e-03
727	2.800000e+00	4.600000e+00	9.004695e-01	8.987081e-01	1.761375e-03
728	3.000000e+00	4.600000e+00	9.693484e-01	9.679197e-01	1.428705e-03
729	3.200000e+00	4.600000e+00	9.995788e-01	9.985433e-01	1.035485e-03
730	3.400000e+00	4.600000e+00	9.899543e-01	9.893582e-01	5.960677e-04
731	3.600000e+00	4.600000e+00	9.408576e-01	9.407306e-01	1.270456e-04
732	3.800000e+00	4.600000e+00	8.542469e-01	8.545989e-01	3.520465e-04
733	4.000000e+00	4.600000e+00	7.335802e-01	7.343971e-01	8.168902e-04
734	4.200000e+00	4.600000e+00	5.836810e-01	5.849172e-01	1.236154e-03
735	4.400000e+00	4.600000e+00	4.105456e-01	4.121185e-01	1.572933e-03
736	4.600000e+00	4.600000e+00	2.210986e-01	2.228899e-01	1.791344e-03
737	4.800000e+00	4.600000e+00	2.296227e-02	2.477543e-02	1.813153e-03
738	5.000000e+00	4.600000e+00	-1.757456e-01	-1.743268e-01	1.418817e-03
739	5.200000e+00	4.600000e+00	-3.664791e-01	-3.664791e-01	0.000000e+00
740	5.400000e+00	4.600000e+00	-5.440211e-01	-5.440211e-01	0.000000e+00
741	5.600000e+00	4.600000e+00	-6.998747e-01	-6.998747e-01	0.000000e+00
742	5.800000e+00	4.600000e+00	-8.278265e-01	-8.278265e-01	0.000000e+00
743	6.000000e+00	4.600000e+00	-9.227754e-01	-9.227754e-01	0.000000e+00
744	0.000000e+00	4.800000e+00	-9.961646e-01	-9.961646e-01	0.000000e+00
745	2.000000e-01	4.800000e+00	-9.589243e-01	-9.589243e-01	0.000000e+00
746	4.000000e-01	4.800000e+00	-8.834547e-01	-8.834547e-01	0.000000e+00
747	6.000000e-01	4.800000e+00	-7.727645e-01	-7.727645e-01	0.000000e+00
748	8.000000e-01	4.800000e+00	-6.312666e-01	-6.312666e-01	0.000000e+00
749	1.000000e+00	4.800000e+00	-4.633548e-01	-4.646022e-01	1.247400e-03
750	1.200000e+00	4.800000e+00	-2.775812e-01	-2.794155e-01	1.834308e-03
751	1.400000e+00	4.800000e+00	-8.092729e-02	-8.308940e-02	2.162113e-03
752	1.600000e+00	4.800000e+00	1.189026e-01	1.165492e-01	2.353349e-03
753	1.800000e+00	4.800000e+00	3.139850e-01	3.115414e-01	2.443594e-03
754	2.000000e+00	4.800000e+00	4.965554e-01	4.941134e-01	2.442080e-03
755	2.200000e+00	4.800000e+00	6.593349e-01	6.569866e-01	2.348322e-03
756	2.400000e+00	4.800000e+00	7.958310e-01	7.936679e-01	2.163124e-03
757	2.600000e+00	4.800000e+00	9.006000e-01	8.987081e-01	1.891892e-03
758	2.800000e+00	4.800000e+00	9.694640e-01	9.679197e-01	1.544344e-03
759	3.000000e+00	4.800000e+00	9.996769e-01	9.985433e-01	1.133529e-03
760	3.200000e+00	4.800000e+00	9.900333e-01	9.893582e-01	6.750067e-04
761	3.400000e+00	4.800000e+00	9.409168e-01	9.407306e-01	1.862818e-04
762	3.600000e+00	4.800000e+00	8.542854e-01	8.545989e-01	3.134596e-04
763	3.800000e+00	4.800000e+00	7.335940e-01	7.343971e-01	8.031040e-04
764	4.000000e+00	4.800000e+00	5.836584e-01	5.849172e-01	1.258745e-03
765	4.200000e+00	4.800000e+00	4.104659e-01	4.121185e-01	1.652621e-03
766	4.400000e+00	4.800000e+00	2.209374e-01	2.228899e-01	1.952557e-03
767	4.600000e+00	4.800000e+00	2.265857e-02	2.477543e-02	2.116859e-03
768	4.800000e+00	4.800000e+00	-1.763832e-01	-1.743268e-01	2.056430e-03
769	5.000000e+00	4.800000e+00	-3.680221e-01	-3.664791e-01	1.542942e-03
770	5.200000e+00	4.800000e+00	-5.440211e-01	-5.440211e-01	0.000000e+00
771	5.400000e+00	4.800000e+00	-6.998747e-01	-6.998747e-01	0.000000e+00
772	5.600000e+00	4.800000e+00	-8.278265e-01	-8.278265e-01	0.000000e+00
773	5.800000e+00	4.800000e+00	-9.227754e-01	-9.227754e-01	0.000000e+00
774	6.000000e+00	4.800000e+00	-9.809362e-01	-9.809362e-01	0.000000e+00
775	0.000000e+00	5.000000e+00	-9.589243e-01	-9.589243e-01	0.000000e+00
776	2.000000e-01	5.000000e+00	-8.834547e-01	-8.834547e-01	0.000000e+00
777	4.000000e-01	5.000000e+00	-7.727645e-01	-7.727645e-01	0.000000e+00
778	6.000000e-01	5.000000e+00	-6.312666e-01	-6.312666e-01	0.000000e+00
779	8.000000e-01	5.000000e+00	-4.646022e-01	-4.646022e-01	0.000000e+00
780	1.000000e+00	5.000000e+00	-2.779536e-01	-2.794155e-01	1.461931e-03
781	1.200000e+00	5.000000e+00	-8.098938e-02	-8.308940e-02	2.100021e-03
782	1.400000e+00	5.000000e+00	1.189528e-01	1.165492e-01	2.403546e-03
783	1.600000e+00	5.000000e+00	3.140760e-01	3.115414e-01	2.534678e-03
784	1.800000e+00	5.000000e+00	4.966591e-01	4.941134e-01	2.545740e-03
785	2.000000e+00	5.000000e+00	6.594408e-01	6.569866e-01	2.454168e-03
786	2.200000e+00	5.000000e+00	7.959348e-01	7.936679e-01	2.266923e-03
787	2.400000e+00	5.000000e+00	9.006988e-01	8.987081e-01	1.990705e-03
788	2.600000e+00	5.000000e+00	9.695551e-01	9.679197e-01	1.635382e-03
789	2.800000e+00	5.000000e+00	9.997576e-01	9.985433e-01	1.214303e-03
790	3.000000e+00	5.000000e+00	9.901019e-01	9.893582e-01	7.436396e-04
791	3.200000e+00	5.000000e+00	9.409722e-01	9.407306e-01	2.416027e-04
792	3.400000e+00	5.000000e+00	8.543267e-01	8.545989e-01	2.722173e-04
793	3.600000e+00	5.000000e+00	7.336198e-01	7.343971e-01	7.772844e-04
794	3.800000e+00	5.000000e+00	5.836650e-01	5.849172e-01	1.252195e-03
795	4.000000e+00	5.000000e+00	4.104442e-01	4.121185e-01	1.674307e-03
796	4.200000e+00	5.000000e+00	2.208710e-01	2.228899e-01	2.018887e-03
797	4.400000e+00	5.000000e+00	2.251859e-02	2.477543e-02	2.256832e-03
798	4.600000e+00	5.000000e+00	-1.766719e-01	-1.743268e-01	2.345142e-03
799	4.800000e+00	5.000000e+00	-3.686721e-01	-3.664791e-01	2.192923e-03
800	5.000000e+00	5.000000e+00	-5.456031e-01	-5.440211e-01	1.581971e-03
801	5.200000e+00	5.000000e+00	-6.998747e-01	-6.998747e-01	0.000000e+00
802	5.400000e+00	5.000000e+00	-8.278265e-01	-8.278265e-01	0.000000e+00
803	5.600000e+00	5.000000e+00	-9.227754e-01	-9.227754e-01	0.000000e+00
804	5.800000e+00	5.000000e+00	-9.809362e-01	-9.809362e-01	0.000000e+00
805	6.000000e+00	5.000000e+00	-9.999902e-01	-9.999902e-01	0.000000e+00
